5000
1 1 0 1
1 1 0 2
1 1 0 3
1 1 0 4
1 1 0 1000000000
1 1 1 1
1 1 1 2
1 1 1 3
1 1 1 4
1 1 1 1000000000
1 1 2 1
1 1 2 2
1 1 2 3
1 1 2 4
1 1 2 1000000000
1 1 3 1
1 1 3 2
1 1 3 3
1 1 3 4
1 1 3 1000000000
1 1 4 1
1 1 4 2
1 1 4 3
1 1 4 4
1 1 4 1000000000
1 1 5 1
1 1 5 2
1 1 5 3
1 1 5 4
1 1 5 1000000000
1 1 6 1
1 1 6 2
1 1 6 3
1 1 6 4
1 1 6 1000000000
1 1 7 1
1 1 7 2
1 1 7 3
1 1 7 4
1 1 7 1000000000
1 1 8 1
1 1 8 2
1 1 8 3
1 1 8 4
1 1 8 1000000000
1 1 9 1
1 1 9 2
1 1 9 3
1 1 9 4
1 1 9 1000000000
1 2 0 1
1 2 0 2
1 2 0 3
1 2 0 4
1 2 0 1000000000
1 2 1 1
1 2 1 2
1 2 1 3
1 2 1 4
1 2 1 1000000000
1 2 2 1
1 2 2 2
1 2 2 3
1 2 2 4
1 2 2 1000000000
1 2 3 1
1 2 3 2
1 2 3 3
1 2 3 4
1 2 3 1000000000
1 2 4 1
1 2 4 2
1 2 4 3
1 2 4 4
1 2 4 1000000000
1 2 5 1
1 2 5 2
1 2 5 3
1 2 5 4
1 2 5 1000000000
1 2 6 1
1 2 6 2
1 2 6 3
1 2 6 4
1 2 6 1000000000
1 2 7 1
1 2 7 2
1 2 7 3
1 2 7 4
1 2 7 1000000000
1 2 8 1
1 2 8 2
1 2 8 3
1 2 8 4
1 2 8 1000000000
1 2 9 1
1 2 9 2
1 2 9 3
1 2 9 4
1 2 9 1000000000
1 3 0 1
1 3 0 2
1 3 0 3
1 3 0 4
1 3 0 1000000000
1 3 1 1
1 3 1 2
1 3 1 3
1 3 1 4
1 3 1 1000000000
1 3 2 1
1 3 2 2
1 3 2 3
1 3 2 4
1 3 2 1000000000
1 3 3 1
1 3 3 2
1 3 3 3
1 3 3 4
1 3 3 1000000000
1 3 4 1
1 3 4 2
1 3 4 3
1 3 4 4
1 3 4 1000000000
1 3 5 1
1 3 5 2
1 3 5 3
1 3 5 4
1 3 5 1000000000
1 3 6 1
1 3 6 2
1 3 6 3
1 3 6 4
1 3 6 1000000000
1 3 7 1
1 3 7 2
1 3 7 3
1 3 7 4
1 3 7 1000000000
1 3 8 1
1 3 8 2
1 3 8 3
1 3 8 4
1 3 8 1000000000
1 3 9 1
1 3 9 2
1 3 9 3
1 3 9 4
1 3 9 1000000000
1 4 0 1
1 4 0 2
1 4 0 3
1 4 0 4
1 4 0 1000000000
1 4 1 1
1 4 1 2
1 4 1 3
1 4 1 4
1 4 1 1000000000
1 4 2 1
1 4 2 2
1 4 2 3
1 4 2 4
1 4 2 1000000000
1 4 3 1
1 4 3 2
1 4 3 3
1 4 3 4
1 4 3 1000000000
1 4 4 1
1 4 4 2
1 4 4 3
1 4 4 4
1 4 4 1000000000
1 4 5 1
1 4 5 2
1 4 5 3
1 4 5 4
1 4 5 1000000000
1 4 6 1
1 4 6 2
1 4 6 3
1 4 6 4
1 4 6 1000000000
1 4 7 1
1 4 7 2
1 4 7 3
1 4 7 4
1 4 7 1000000000
1 4 8 1
1 4 8 2
1 4 8 3
1 4 8 4
1 4 8 1000000000
1 4 9 1
1 4 9 2
1 4 9 3
1 4 9 4
1 4 9 1000000000
1 5 0 1
1 5 0 2
1 5 0 3
1 5 0 4
1 5 0 1000000000
1 5 1 1
1 5 1 2
1 5 1 3
1 5 1 4
1 5 1 1000000000
1 5 2 1
1 5 2 2
1 5 2 3
1 5 2 4
1 5 2 1000000000
1 5 3 1
1 5 3 2
1 5 3 3
1 5 3 4
1 5 3 1000000000
1 5 4 1
1 5 4 2
1 5 4 3
1 5 4 4
1 5 4 1000000000
1 5 5 1
1 5 5 2
1 5 5 3
1 5 5 4
1 5 5 1000000000
1 5 6 1
1 5 6 2
1 5 6 3
1 5 6 4
1 5 6 1000000000
1 5 7 1
1 5 7 2
1 5 7 3
1 5 7 4
1 5 7 1000000000
1 5 8 1
1 5 8 2
1 5 8 3
1 5 8 4
1 5 8 1000000000
1 5 9 1
1 5 9 2
1 5 9 3
1 5 9 4
1 5 9 1000000000
1 6 0 1
1 6 0 2
1 6 0 3
1 6 0 4
1 6 0 1000000000
1 6 1 1
1 6 1 2
1 6 1 3
1 6 1 4
1 6 1 1000000000
1 6 2 1
1 6 2 2
1 6 2 3
1 6 2 4
1 6 2 1000000000
1 6 3 1
1 6 3 2
1 6 3 3
1 6 3 4
1 6 3 1000000000
1 6 4 1
1 6 4 2
1 6 4 3
1 6 4 4
1 6 4 1000000000
1 6 5 1
1 6 5 2
1 6 5 3
1 6 5 4
1 6 5 1000000000
1 6 6 1
1 6 6 2
1 6 6 3
1 6 6 4
1 6 6 1000000000
1 6 7 1
1 6 7 2
1 6 7 3
1 6 7 4
1 6 7 1000000000
1 6 8 1
1 6 8 2
1 6 8 3
1 6 8 4
1 6 8 1000000000
1 6 9 1
1 6 9 2
1 6 9 3
1 6 9 4
1 6 9 1000000000
1 7 0 1
1 7 0 2
1 7 0 3
1 7 0 4
1 7 0 1000000000
1 7 1 1
1 7 1 2
1 7 1 3
1 7 1 4
1 7 1 1000000000
1 7 2 1
1 7 2 2
1 7 2 3
1 7 2 4
1 7 2 1000000000
1 7 3 1
1 7 3 2
1 7 3 3
1 7 3 4
1 7 3 1000000000
1 7 4 1
1 7 4 2
1 7 4 3
1 7 4 4
1 7 4 1000000000
1 7 5 1
1 7 5 2
1 7 5 3
1 7 5 4
1 7 5 1000000000
1 7 6 1
1 7 6 2
1 7 6 3
1 7 6 4
1 7 6 1000000000
1 7 7 1
1 7 7 2
1 7 7 3
1 7 7 4
1 7 7 1000000000
1 7 8 1
1 7 8 2
1 7 8 3
1 7 8 4
1 7 8 1000000000
1 7 9 1
1 7 9 2
1 7 9 3
1 7 9 4
1 7 9 1000000000
1 8 0 1
1 8 0 2
1 8 0 3
1 8 0 4
1 8 0 1000000000
1 8 1 1
1 8 1 2
1 8 1 3
1 8 1 4
1 8 1 1000000000
1 8 2 1
1 8 2 2
1 8 2 3
1 8 2 4
1 8 2 1000000000
1 8 3 1
1 8 3 2
1 8 3 3
1 8 3 4
1 8 3 1000000000
1 8 4 1
1 8 4 2
1 8 4 3
1 8 4 4
1 8 4 1000000000
1 8 5 1
1 8 5 2
1 8 5 3
1 8 5 4
1 8 5 1000000000
1 8 6 1
1 8 6 2
1 8 6 3
1 8 6 4
1 8 6 1000000000
1 8 7 1
1 8 7 2
1 8 7 3
1 8 7 4
1 8 7 1000000000
1 8 8 1
1 8 8 2
1 8 8 3
1 8 8 4
1 8 8 1000000000
1 8 9 1
1 8 9 2
1 8 9 3
1 8 9 4
1 8 9 1000000000
1 9 0 1
1 9 0 2
1 9 0 3
1 9 0 4
1 9 0 1000000000
1 9 1 1
1 9 1 2
1 9 1 3
1 9 1 4
1 9 1 1000000000
1 9 2 1
1 9 2 2
1 9 2 3
1 9 2 4
1 9 2 1000000000
1 9 3 1
1 9 3 2
1 9 3 3
1 9 3 4
1 9 3 1000000000
1 9 4 1
1 9 4 2
1 9 4 3
1 9 4 4
1 9 4 1000000000
1 9 5 1
1 9 5 2
1 9 5 3
1 9 5 4
1 9 5 1000000000
1 9 6 1
1 9 6 2
1 9 6 3
1 9 6 4
1 9 6 1000000000
1 9 7 1
1 9 7 2
1 9 7 3
1 9 7 4
1 9 7 1000000000
1 9 8 1
1 9 8 2
1 9 8 3
1 9 8 4
1 9 8 1000000000
1 9 9 1
1 9 9 2
1 9 9 3
1 9 9 4
1 9 9 1000000000
2 1 0 1
2 1 0 2
2 1 0 3
2 1 0 4
2 1 0 1000000000
2 1 1 1
2 1 1 2
2 1 1 3
2 1 1 4
2 1 1 1000000000
2 1 2 1
2 1 2 2
2 1 2 3
2 1 2 4
2 1 2 1000000000
2 1 3 1
2 1 3 2
2 1 3 3
2 1 3 4
2 1 3 1000000000
2 1 4 1
2 1 4 2
2 1 4 3
2 1 4 4
2 1 4 1000000000
2 1 5 1
2 1 5 2
2 1 5 3
2 1 5 4
2 1 5 1000000000
2 1 6 1
2 1 6 2
2 1 6 3
2 1 6 4
2 1 6 1000000000
2 1 7 1
2 1 7 2
2 1 7 3
2 1 7 4
2 1 7 1000000000
2 1 8 1
2 1 8 2
2 1 8 3
2 1 8 4
2 1 8 1000000000
2 1 9 1
2 1 9 2
2 1 9 3
2 1 9 4
2 1 9 1000000000
2 2 0 1
2 2 0 2
2 2 0 3
2 2 0 4
2 2 0 1000000000
2 2 1 1
2 2 1 2
2 2 1 3
2 2 1 4
2 2 1 1000000000
2 2 2 1
2 2 2 2
2 2 2 3
2 2 2 4
2 2 2 1000000000
2 2 3 1
2 2 3 2
2 2 3 3
2 2 3 4
2 2 3 1000000000
2 2 4 1
2 2 4 2
2 2 4 3
2 2 4 4
2 2 4 1000000000
2 2 5 1
2 2 5 2
2 2 5 3
2 2 5 4
2 2 5 1000000000
2 2 6 1
2 2 6 2
2 2 6 3
2 2 6 4
2 2 6 1000000000
2 2 7 1
2 2 7 2
2 2 7 3
2 2 7 4
2 2 7 1000000000
2 2 8 1
2 2 8 2
2 2 8 3
2 2 8 4
2 2 8 1000000000
2 2 9 1
2 2 9 2
2 2 9 3
2 2 9 4
2 2 9 1000000000
2 3 0 1
2 3 0 2
2 3 0 3
2 3 0 4
2 3 0 1000000000
2 3 1 1
2 3 1 2
2 3 1 3
2 3 1 4
2 3 1 1000000000
2 3 2 1
2 3 2 2
2 3 2 3
2 3 2 4
2 3 2 1000000000
2 3 3 1
2 3 3 2
2 3 3 3
2 3 3 4
2 3 3 1000000000
2 3 4 1
2 3 4 2
2 3 4 3
2 3 4 4
2 3 4 1000000000
2 3 5 1
2 3 5 2
2 3 5 3
2 3 5 4
2 3 5 1000000000
2 3 6 1
2 3 6 2
2 3 6 3
2 3 6 4
2 3 6 1000000000
2 3 7 1
2 3 7 2
2 3 7 3
2 3 7 4
2 3 7 1000000000
2 3 8 1
2 3 8 2
2 3 8 3
2 3 8 4
2 3 8 1000000000
2 3 9 1
2 3 9 2
2 3 9 3
2 3 9 4
2 3 9 1000000000
2 4 0 1
2 4 0 2
2 4 0 3
2 4 0 4
2 4 0 1000000000
2 4 1 1
2 4 1 2
2 4 1 3
2 4 1 4
2 4 1 1000000000
2 4 2 1
2 4 2 2
2 4 2 3
2 4 2 4
2 4 2 1000000000
2 4 3 1
2 4 3 2
2 4 3 3
2 4 3 4
2 4 3 1000000000
2 4 4 1
2 4 4 2
2 4 4 3
2 4 4 4
2 4 4 1000000000
2 4 5 1
2 4 5 2
2 4 5 3
2 4 5 4
2 4 5 1000000000
2 4 6 1
2 4 6 2
2 4 6 3
2 4 6 4
2 4 6 1000000000
2 4 7 1
2 4 7 2
2 4 7 3
2 4 7 4
2 4 7 1000000000
2 4 8 1
2 4 8 2
2 4 8 3
2 4 8 4
2 4 8 1000000000
2 4 9 1
2 4 9 2
2 4 9 3
2 4 9 4
2 4 9 1000000000
2 5 0 1
2 5 0 2
2 5 0 3
2 5 0 4
2 5 0 1000000000
2 5 1 1
2 5 1 2
2 5 1 3
2 5 1 4
2 5 1 1000000000
2 5 2 1
2 5 2 2
2 5 2 3
2 5 2 4
2 5 2 1000000000
2 5 3 1
2 5 3 2
2 5 3 3
2 5 3 4
2 5 3 1000000000
2 5 4 1
2 5 4 2
2 5 4 3
2 5 4 4
2 5 4 1000000000
2 5 5 1
2 5 5 2
2 5 5 3
2 5 5 4
2 5 5 1000000000
2 5 6 1
2 5 6 2
2 5 6 3
2 5 6 4
2 5 6 1000000000
2 5 7 1
2 5 7 2
2 5 7 3
2 5 7 4
2 5 7 1000000000
2 5 8 1
2 5 8 2
2 5 8 3
2 5 8 4
2 5 8 1000000000
2 5 9 1
2 5 9 2
2 5 9 3
2 5 9 4
2 5 9 1000000000
2 6 0 1
2 6 0 2
2 6 0 3
2 6 0 4
2 6 0 1000000000
2 6 1 1
2 6 1 2
2 6 1 3
2 6 1 4
2 6 1 1000000000
2 6 2 1
2 6 2 2
2 6 2 3
2 6 2 4
2 6 2 1000000000
2 6 3 1
2 6 3 2
2 6 3 3
2 6 3 4
2 6 3 1000000000
2 6 4 1
2 6 4 2
2 6 4 3
2 6 4 4
2 6 4 1000000000
2 6 5 1
2 6 5 2
2 6 5 3
2 6 5 4
2 6 5 1000000000
2 6 6 1
2 6 6 2
2 6 6 3
2 6 6 4
2 6 6 1000000000
2 6 7 1
2 6 7 2
2 6 7 3
2 6 7 4
2 6 7 1000000000
2 6 8 1
2 6 8 2
2 6 8 3
2 6 8 4
2 6 8 1000000000
2 6 9 1
2 6 9 2
2 6 9 3
2 6 9 4
2 6 9 1000000000
2 7 0 1
2 7 0 2
2 7 0 3
2 7 0 4
2 7 0 1000000000
2 7 1 1
2 7 1 2
2 7 1 3
2 7 1 4
2 7 1 1000000000
2 7 2 1
2 7 2 2
2 7 2 3
2 7 2 4
2 7 2 1000000000
2 7 3 1
2 7 3 2
2 7 3 3
2 7 3 4
2 7 3 1000000000
2 7 4 1
2 7 4 2
2 7 4 3
2 7 4 4
2 7 4 1000000000
2 7 5 1
2 7 5 2
2 7 5 3
2 7 5 4
2 7 5 1000000000
2 7 6 1
2 7 6 2
2 7 6 3
2 7 6 4
2 7 6 1000000000
2 7 7 1
2 7 7 2
2 7 7 3
2 7 7 4
2 7 7 1000000000
2 7 8 1
2 7 8 2
2 7 8 3
2 7 8 4
2 7 8 1000000000
2 7 9 1
2 7 9 2
2 7 9 3
2 7 9 4
2 7 9 1000000000
2 8 0 1
2 8 0 2
2 8 0 3
2 8 0 4
2 8 0 1000000000
2 8 1 1
2 8 1 2
2 8 1 3
2 8 1 4
2 8 1 1000000000
2 8 2 1
2 8 2 2
2 8 2 3
2 8 2 4
2 8 2 1000000000
2 8 3 1
2 8 3 2
2 8 3 3
2 8 3 4
2 8 3 1000000000
2 8 4 1
2 8 4 2
2 8 4 3
2 8 4 4
2 8 4 1000000000
2 8 5 1
2 8 5 2
2 8 5 3
2 8 5 4
2 8 5 1000000000
2 8 6 1
2 8 6 2
2 8 6 3
2 8 6 4
2 8 6 1000000000
2 8 7 1
2 8 7 2
2 8 7 3
2 8 7 4
2 8 7 1000000000
2 8 8 1
2 8 8 2
2 8 8 3
2 8 8 4
2 8 8 1000000000
2 8 9 1
2 8 9 2
2 8 9 3
2 8 9 4
2 8 9 1000000000
2 9 0 1
2 9 0 2
2 9 0 3
2 9 0 4
2 9 0 1000000000
2 9 1 1
2 9 1 2
2 9 1 3
2 9 1 4
2 9 1 1000000000
2 9 2 1
2 9 2 2
2 9 2 3
2 9 2 4
2 9 2 1000000000
2 9 3 1
2 9 3 2
2 9 3 3
2 9 3 4
2 9 3 1000000000
2 9 4 1
2 9 4 2
2 9 4 3
2 9 4 4
2 9 4 1000000000
2 9 5 1
2 9 5 2
2 9 5 3
2 9 5 4
2 9 5 1000000000
2 9 6 1
2 9 6 2
2 9 6 3
2 9 6 4
2 9 6 1000000000
2 9 7 1
2 9 7 2
2 9 7 3
2 9 7 4
2 9 7 1000000000
2 9 8 1
2 9 8 2
2 9 8 3
2 9 8 4
2 9 8 1000000000
2 9 9 1
2 9 9 2
2 9 9 3
2 9 9 4
2 9 9 1000000000
3 1 0 1
3 1 0 2
3 1 0 3
3 1 0 4
3 1 0 1000000000
3 1 1 1
3 1 1 2
3 1 1 3
3 1 1 4
3 1 1 1000000000
3 1 2 1
3 1 2 2
3 1 2 3
3 1 2 4
3 1 2 1000000000
3 1 3 1
3 1 3 2
3 1 3 3
3 1 3 4
3 1 3 1000000000
3 1 4 1
3 1 4 2
3 1 4 3
3 1 4 4
3 1 4 1000000000
3 1 5 1
3 1 5 2
3 1 5 3
3 1 5 4
3 1 5 1000000000
3 1 6 1
3 1 6 2
3 1 6 3
3 1 6 4
3 1 6 1000000000
3 1 7 1
3 1 7 2
3 1 7 3
3 1 7 4
3 1 7 1000000000
3 1 8 1
3 1 8 2
3 1 8 3
3 1 8 4
3 1 8 1000000000
3 1 9 1
3 1 9 2
3 1 9 3
3 1 9 4
3 1 9 1000000000
3 2 0 1
3 2 0 2
3 2 0 3
3 2 0 4
3 2 0 1000000000
3 2 1 1
3 2 1 2
3 2 1 3
3 2 1 4
3 2 1 1000000000
3 2 2 1
3 2 2 2
3 2 2 3
3 2 2 4
3 2 2 1000000000
3 2 3 1
3 2 3 2
3 2 3 3
3 2 3 4
3 2 3 1000000000
3 2 4 1
3 2 4 2
3 2 4 3
3 2 4 4
3 2 4 1000000000
3 2 5 1
3 2 5 2
3 2 5 3
3 2 5 4
3 2 5 1000000000
3 2 6 1
3 2 6 2
3 2 6 3
3 2 6 4
3 2 6 1000000000
3 2 7 1
3 2 7 2
3 2 7 3
3 2 7 4
3 2 7 1000000000
3 2 8 1
3 2 8 2
3 2 8 3
3 2 8 4
3 2 8 1000000000
3 2 9 1
3 2 9 2
3 2 9 3
3 2 9 4
3 2 9 1000000000
3 3 0 1
3 3 0 2
3 3 0 3
3 3 0 4
3 3 0 1000000000
3 3 1 1
3 3 1 2
3 3 1 3
3 3 1 4
3 3 1 1000000000
3 3 2 1
3 3 2 2
3 3 2 3
3 3 2 4
3 3 2 1000000000
3 3 3 1
3 3 3 2
3 3 3 3
3 3 3 4
3 3 3 1000000000
3 3 4 1
3 3 4 2
3 3 4 3
3 3 4 4
3 3 4 1000000000
3 3 5 1
3 3 5 2
3 3 5 3
3 3 5 4
3 3 5 1000000000
3 3 6 1
3 3 6 2
3 3 6 3
3 3 6 4
3 3 6 1000000000
3 3 7 1
3 3 7 2
3 3 7 3
3 3 7 4
3 3 7 1000000000
3 3 8 1
3 3 8 2
3 3 8 3
3 3 8 4
3 3 8 1000000000
3 3 9 1
3 3 9 2
3 3 9 3
3 3 9 4
3 3 9 1000000000
3 4 0 1
3 4 0 2
3 4 0 3
3 4 0 4
3 4 0 1000000000
3 4 1 1
3 4 1 2
3 4 1 3
3 4 1 4
3 4 1 1000000000
3 4 2 1
3 4 2 2
3 4 2 3
3 4 2 4
3 4 2 1000000000
3 4 3 1
3 4 3 2
3 4 3 3
3 4 3 4
3 4 3 1000000000
3 4 4 1
3 4 4 2
3 4 4 3
3 4 4 4
3 4 4 1000000000
3 4 5 1
3 4 5 2
3 4 5 3
3 4 5 4
3 4 5 1000000000
3 4 6 1
3 4 6 2
3 4 6 3
3 4 6 4
3 4 6 1000000000
3 4 7 1
3 4 7 2
3 4 7 3
3 4 7 4
3 4 7 1000000000
3 4 8 1
3 4 8 2
3 4 8 3
3 4 8 4
3 4 8 1000000000
3 4 9 1
3 4 9 2
3 4 9 3
3 4 9 4
3 4 9 1000000000
3 5 0 1
3 5 0 2
3 5 0 3
3 5 0 4
3 5 0 1000000000
3 5 1 1
3 5 1 2
3 5 1 3
3 5 1 4
3 5 1 1000000000
3 5 2 1
3 5 2 2
3 5 2 3
3 5 2 4
3 5 2 1000000000
3 5 3 1
3 5 3 2
3 5 3 3
3 5 3 4
3 5 3 1000000000
3 5 4 1
3 5 4 2
3 5 4 3
3 5 4 4
3 5 4 1000000000
3 5 5 1
3 5 5 2
3 5 5 3
3 5 5 4
3 5 5 1000000000
3 5 6 1
3 5 6 2
3 5 6 3
3 5 6 4
3 5 6 1000000000
3 5 7 1
3 5 7 2
3 5 7 3
3 5 7 4
3 5 7 1000000000
3 5 8 1
3 5 8 2
3 5 8 3
3 5 8 4
3 5 8 1000000000
3 5 9 1
3 5 9 2
3 5 9 3
3 5 9 4
3 5 9 1000000000
3 6 0 1
3 6 0 2
3 6 0 3
3 6 0 4
3 6 0 1000000000
3 6 1 1
3 6 1 2
3 6 1 3
3 6 1 4
3 6 1 1000000000
3 6 2 1
3 6 2 2
3 6 2 3
3 6 2 4
3 6 2 1000000000
3 6 3 1
3 6 3 2
3 6 3 3
3 6 3 4
3 6 3 1000000000
3 6 4 1
3 6 4 2
3 6 4 3
3 6 4 4
3 6 4 1000000000
3 6 5 1
3 6 5 2
3 6 5 3
3 6 5 4
3 6 5 1000000000
3 6 6 1
3 6 6 2
3 6 6 3
3 6 6 4
3 6 6 1000000000
3 6 7 1
3 6 7 2
3 6 7 3
3 6 7 4
3 6 7 1000000000
3 6 8 1
3 6 8 2
3 6 8 3
3 6 8 4
3 6 8 1000000000
3 6 9 1
3 6 9 2
3 6 9 3
3 6 9 4
3 6 9 1000000000
3 7 0 1
3 7 0 2
3 7 0 3
3 7 0 4
3 7 0 1000000000
3 7 1 1
3 7 1 2
3 7 1 3
3 7 1 4
3 7 1 1000000000
3 7 2 1
3 7 2 2
3 7 2 3
3 7 2 4
3 7 2 1000000000
3 7 3 1
3 7 3 2
3 7 3 3
3 7 3 4
3 7 3 1000000000
3 7 4 1
3 7 4 2
3 7 4 3
3 7 4 4
3 7 4 1000000000
3 7 5 1
3 7 5 2
3 7 5 3
3 7 5 4
3 7 5 1000000000
3 7 6 1
3 7 6 2
3 7 6 3
3 7 6 4
3 7 6 1000000000
3 7 7 1
3 7 7 2
3 7 7 3
3 7 7 4
3 7 7 1000000000
3 7 8 1
3 7 8 2
3 7 8 3
3 7 8 4
3 7 8 1000000000
3 7 9 1
3 7 9 2
3 7 9 3
3 7 9 4
3 7 9 1000000000
3 8 0 1
3 8 0 2
3 8 0 3
3 8 0 4
3 8 0 1000000000
3 8 1 1
3 8 1 2
3 8 1 3
3 8 1 4
3 8 1 1000000000
3 8 2 1
3 8 2 2
3 8 2 3
3 8 2 4
3 8 2 1000000000
3 8 3 1
3 8 3 2
3 8 3 3
3 8 3 4
3 8 3 1000000000
3 8 4 1
3 8 4 2
3 8 4 3
3 8 4 4
3 8 4 1000000000
3 8 5 1
3 8 5 2
3 8 5 3
3 8 5 4
3 8 5 1000000000
3 8 6 1
3 8 6 2
3 8 6 3
3 8 6 4
3 8 6 1000000000
3 8 7 1
3 8 7 2
3 8 7 3
3 8 7 4
3 8 7 1000000000
3 8 8 1
3 8 8 2
3 8 8 3
3 8 8 4
3 8 8 1000000000
3 8 9 1
3 8 9 2
3 8 9 3
3 8 9 4
3 8 9 1000000000
3 9 0 1
3 9 0 2
3 9 0 3
3 9 0 4
3 9 0 1000000000
3 9 1 1
3 9 1 2
3 9 1 3
3 9 1 4
3 9 1 1000000000
3 9 2 1
3 9 2 2
3 9 2 3
3 9 2 4
3 9 2 1000000000
3 9 3 1
3 9 3 2
3 9 3 3
3 9 3 4
3 9 3 1000000000
3 9 4 1
3 9 4 2
3 9 4 3
3 9 4 4
3 9 4 1000000000
3 9 5 1
3 9 5 2
3 9 5 3
3 9 5 4
3 9 5 1000000000
3 9 6 1
3 9 6 2
3 9 6 3
3 9 6 4
3 9 6 1000000000
3 9 7 1
3 9 7 2
3 9 7 3
3 9 7 4
3 9 7 1000000000
3 9 8 1
3 9 8 2
3 9 8 3
3 9 8 4
3 9 8 1000000000
3 9 9 1
3 9 9 2
3 9 9 3
3 9 9 4
3 9 9 1000000000
4 1 0 1
4 1 0 2
4 1 0 3
4 1 0 4
4 1 0 1000000000
4 1 1 1
4 1 1 2
4 1 1 3
4 1 1 4
4 1 1 1000000000
4 1 2 1
4 1 2 2
4 1 2 3
4 1 2 4
4 1 2 1000000000
4 1 3 1
4 1 3 2
4 1 3 3
4 1 3 4
4 1 3 1000000000
4 1 4 1
4 1 4 2
4 1 4 3
4 1 4 4
4 1 4 1000000000
4 1 5 1
4 1 5 2
4 1 5 3
4 1 5 4
4 1 5 1000000000
4 1 6 1
4 1 6 2
4 1 6 3
4 1 6 4
4 1 6 1000000000
4 1 7 1
4 1 7 2
4 1 7 3
4 1 7 4
4 1 7 1000000000
4 1 8 1
4 1 8 2
4 1 8 3
4 1 8 4
4 1 8 1000000000
4 1 9 1
4 1 9 2
4 1 9 3
4 1 9 4
4 1 9 1000000000
4 2 0 1
4 2 0 2
4 2 0 3
4 2 0 4
4 2 0 1000000000
4 2 1 1
4 2 1 2
4 2 1 3
4 2 1 4
4 2 1 1000000000
4 2 2 1
4 2 2 2
4 2 2 3
4 2 2 4
4 2 2 1000000000
4 2 3 1
4 2 3 2
4 2 3 3
4 2 3 4
4 2 3 1000000000
4 2 4 1
4 2 4 2
4 2 4 3
4 2 4 4
4 2 4 1000000000
4 2 5 1
4 2 5 2
4 2 5 3
4 2 5 4
4 2 5 1000000000
4 2 6 1
4 2 6 2
4 2 6 3
4 2 6 4
4 2 6 1000000000
4 2 7 1
4 2 7 2
4 2 7 3
4 2 7 4
4 2 7 1000000000
4 2 8 1
4 2 8 2
4 2 8 3
4 2 8 4
4 2 8 1000000000
4 2 9 1
4 2 9 2
4 2 9 3
4 2 9 4
4 2 9 1000000000
4 3 0 1
4 3 0 2
4 3 0 3
4 3 0 4
4 3 0 1000000000
4 3 1 1
4 3 1 2
4 3 1 3
4 3 1 4
4 3 1 1000000000
4 3 2 1
4 3 2 2
4 3 2 3
4 3 2 4
4 3 2 1000000000
4 3 3 1
4 3 3 2
4 3 3 3
4 3 3 4
4 3 3 1000000000
4 3 4 1
4 3 4 2
4 3 4 3
4 3 4 4
4 3 4 1000000000
4 3 5 1
4 3 5 2
4 3 5 3
4 3 5 4
4 3 5 1000000000
4 3 6 1
4 3 6 2
4 3 6 3
4 3 6 4
4 3 6 1000000000
4 3 7 1
4 3 7 2
4 3 7 3
4 3 7 4
4 3 7 1000000000
4 3 8 1
4 3 8 2
4 3 8 3
4 3 8 4
4 3 8 1000000000
4 3 9 1
4 3 9 2
4 3 9 3
4 3 9 4
4 3 9 1000000000
4 4 0 1
4 4 0 2
4 4 0 3
4 4 0 4
4 4 0 1000000000
4 4 1 1
4 4 1 2
4 4 1 3
4 4 1 4
4 4 1 1000000000
4 4 2 1
4 4 2 2
4 4 2 3
4 4 2 4
4 4 2 1000000000
4 4 3 1
4 4 3 2
4 4 3 3
4 4 3 4
4 4 3 1000000000
4 4 4 1
4 4 4 2
4 4 4 3
4 4 4 4
4 4 4 1000000000
4 4 5 1
4 4 5 2
4 4 5 3
4 4 5 4
4 4 5 1000000000
4 4 6 1
4 4 6 2
4 4 6 3
4 4 6 4
4 4 6 1000000000
4 4 7 1
4 4 7 2
4 4 7 3
4 4 7 4
4 4 7 1000000000
4 4 8 1
4 4 8 2
4 4 8 3
4 4 8 4
4 4 8 1000000000
4 4 9 1
4 4 9 2
4 4 9 3
4 4 9 4
4 4 9 1000000000
4 5 0 1
4 5 0 2
4 5 0 3
4 5 0 4
4 5 0 1000000000
4 5 1 1
4 5 1 2
4 5 1 3
4 5 1 4
4 5 1 1000000000
4 5 2 1
4 5 2 2
4 5 2 3
4 5 2 4
4 5 2 1000000000
4 5 3 1
4 5 3 2
4 5 3 3
4 5 3 4
4 5 3 1000000000
4 5 4 1
4 5 4 2
4 5 4 3
4 5 4 4
4 5 4 1000000000
4 5 5 1
4 5 5 2
4 5 5 3
4 5 5 4
4 5 5 1000000000
4 5 6 1
4 5 6 2
4 5 6 3
4 5 6 4
4 5 6 1000000000
4 5 7 1
4 5 7 2
4 5 7 3
4 5 7 4
4 5 7 1000000000
4 5 8 1
4 5 8 2
4 5 8 3
4 5 8 4
4 5 8 1000000000
4 5 9 1
4 5 9 2
4 5 9 3
4 5 9 4
4 5 9 1000000000
4 6 0 1
4 6 0 2
4 6 0 3
4 6 0 4
4 6 0 1000000000
4 6 1 1
4 6 1 2
4 6 1 3
4 6 1 4
4 6 1 1000000000
4 6 2 1
4 6 2 2
4 6 2 3
4 6 2 4
4 6 2 1000000000
4 6 3 1
4 6 3 2
4 6 3 3
4 6 3 4
4 6 3 1000000000
4 6 4 1
4 6 4 2
4 6 4 3
4 6 4 4
4 6 4 1000000000
4 6 5 1
4 6 5 2
4 6 5 3
4 6 5 4
4 6 5 1000000000
4 6 6 1
4 6 6 2
4 6 6 3
4 6 6 4
4 6 6 1000000000
4 6 7 1
4 6 7 2
4 6 7 3
4 6 7 4
4 6 7 1000000000
4 6 8 1
4 6 8 2
4 6 8 3
4 6 8 4
4 6 8 1000000000
4 6 9 1
4 6 9 2
4 6 9 3
4 6 9 4
4 6 9 1000000000
4 7 0 1
4 7 0 2
4 7 0 3
4 7 0 4
4 7 0 1000000000
4 7 1 1
4 7 1 2
4 7 1 3
4 7 1 4
4 7 1 1000000000
4 7 2 1
4 7 2 2
4 7 2 3
4 7 2 4
4 7 2 1000000000
4 7 3 1
4 7 3 2
4 7 3 3
4 7 3 4
4 7 3 1000000000
4 7 4 1
4 7 4 2
4 7 4 3
4 7 4 4
4 7 4 1000000000
4 7 5 1
4 7 5 2
4 7 5 3
4 7 5 4
4 7 5 1000000000
4 7 6 1
4 7 6 2
4 7 6 3
4 7 6 4
4 7 6 1000000000
4 7 7 1
4 7 7 2
4 7 7 3
4 7 7 4
4 7 7 1000000000
4 7 8 1
4 7 8 2
4 7 8 3
4 7 8 4
4 7 8 1000000000
4 7 9 1
4 7 9 2
4 7 9 3
4 7 9 4
4 7 9 1000000000
4 8 0 1
4 8 0 2
4 8 0 3
4 8 0 4
4 8 0 1000000000
4 8 1 1
4 8 1 2
4 8 1 3
4 8 1 4
4 8 1 1000000000
4 8 2 1
4 8 2 2
4 8 2 3
4 8 2 4
4 8 2 1000000000
4 8 3 1
4 8 3 2
4 8 3 3
4 8 3 4
4 8 3 1000000000
4 8 4 1
4 8 4 2
4 8 4 3
4 8 4 4
4 8 4 1000000000
4 8 5 1
4 8 5 2
4 8 5 3
4 8 5 4
4 8 5 1000000000
4 8 6 1
4 8 6 2
4 8 6 3
4 8 6 4
4 8 6 1000000000
4 8 7 1
4 8 7 2
4 8 7 3
4 8 7 4
4 8 7 1000000000
4 8 8 1
4 8 8 2
4 8 8 3
4 8 8 4
4 8 8 1000000000
4 8 9 1
4 8 9 2
4 8 9 3
4 8 9 4
4 8 9 1000000000
4 9 0 1
4 9 0 2
4 9 0 3
4 9 0 4
4 9 0 1000000000
4 9 1 1
4 9 1 2
4 9 1 3
4 9 1 4
4 9 1 1000000000
4 9 2 1
4 9 2 2
4 9 2 3
4 9 2 4
4 9 2 1000000000
4 9 3 1
4 9 3 2
4 9 3 3
4 9 3 4
4 9 3 1000000000
4 9 4 1
4 9 4 2
4 9 4 3
4 9 4 4
4 9 4 1000000000
4 9 5 1
4 9 5 2
4 9 5 3
4 9 5 4
4 9 5 1000000000
4 9 6 1
4 9 6 2
4 9 6 3
4 9 6 4
4 9 6 1000000000
4 9 7 1
4 9 7 2
4 9 7 3
4 9 7 4
4 9 7 1000000000
4 9 8 1
4 9 8 2
4 9 8 3
4 9 8 4
4 9 8 1000000000
4 9 9 1
4 9 9 2
4 9 9 3
4 9 9 4
4 9 9 1000000000
5 1 0 1
5 1 0 2
5 1 0 3
5 1 0 4
5 1 0 1000000000
5 1 1 1
5 1 1 2
5 1 1 3
5 1 1 4
5 1 1 1000000000
5 1 2 1
5 1 2 2
5 1 2 3
5 1 2 4
5 1 2 1000000000
5 1 3 1
5 1 3 2
5 1 3 3
5 1 3 4
5 1 3 1000000000
5 1 4 1
5 1 4 2
5 1 4 3
5 1 4 4
5 1 4 1000000000
5 1 5 1
5 1 5 2
5 1 5 3
5 1 5 4
5 1 5 1000000000
5 1 6 1
5 1 6 2
5 1 6 3
5 1 6 4
5 1 6 1000000000
5 1 7 1
5 1 7 2
5 1 7 3
5 1 7 4
5 1 7 1000000000
5 1 8 1
5 1 8 2
5 1 8 3
5 1 8 4
5 1 8 1000000000
5 1 9 1
5 1 9 2
5 1 9 3
5 1 9 4
5 1 9 1000000000
5 2 0 1
5 2 0 2
5 2 0 3
5 2 0 4
5 2 0 1000000000
5 2 1 1
5 2 1 2
5 2 1 3
5 2 1 4
5 2 1 1000000000
5 2 2 1
5 2 2 2
5 2 2 3
5 2 2 4
5 2 2 1000000000
5 2 3 1
5 2 3 2
5 2 3 3
5 2 3 4
5 2 3 1000000000
5 2 4 1
5 2 4 2
5 2 4 3
5 2 4 4
5 2 4 1000000000
5 2 5 1
5 2 5 2
5 2 5 3
5 2 5 4
5 2 5 1000000000
5 2 6 1
5 2 6 2
5 2 6 3
5 2 6 4
5 2 6 1000000000
5 2 7 1
5 2 7 2
5 2 7 3
5 2 7 4
5 2 7 1000000000
5 2 8 1
5 2 8 2
5 2 8 3
5 2 8 4
5 2 8 1000000000
5 2 9 1
5 2 9 2
5 2 9 3
5 2 9 4
5 2 9 1000000000
5 3 0 1
5 3 0 2
5 3 0 3
5 3 0 4
5 3 0 1000000000
5 3 1 1
5 3 1 2
5 3 1 3
5 3 1 4
5 3 1 1000000000
5 3 2 1
5 3 2 2
5 3 2 3
5 3 2 4
5 3 2 1000000000
5 3 3 1
5 3 3 2
5 3 3 3
5 3 3 4
5 3 3 1000000000
5 3 4 1
5 3 4 2
5 3 4 3
5 3 4 4
5 3 4 1000000000
5 3 5 1
5 3 5 2
5 3 5 3
5 3 5 4
5 3 5 1000000000
5 3 6 1
5 3 6 2
5 3 6 3
5 3 6 4
5 3 6 1000000000
5 3 7 1
5 3 7 2
5 3 7 3
5 3 7 4
5 3 7 1000000000
5 3 8 1
5 3 8 2
5 3 8 3
5 3 8 4
5 3 8 1000000000
5 3 9 1
5 3 9 2
5 3 9 3
5 3 9 4
5 3 9 1000000000
5 4 0 1
5 4 0 2
5 4 0 3
5 4 0 4
5 4 0 1000000000
5 4 1 1
5 4 1 2
5 4 1 3
5 4 1 4
5 4 1 1000000000
5 4 2 1
5 4 2 2
5 4 2 3
5 4 2 4
5 4 2 1000000000
5 4 3 1
5 4 3 2
5 4 3 3
5 4 3 4
5 4 3 1000000000
5 4 4 1
5 4 4 2
5 4 4 3
5 4 4 4
5 4 4 1000000000
5 4 5 1
5 4 5 2
5 4 5 3
5 4 5 4
5 4 5 1000000000
5 4 6 1
5 4 6 2
5 4 6 3
5 4 6 4
5 4 6 1000000000
5 4 7 1
5 4 7 2
5 4 7 3
5 4 7 4
5 4 7 1000000000
5 4 8 1
5 4 8 2
5 4 8 3
5 4 8 4
5 4 8 1000000000
5 4 9 1
5 4 9 2
5 4 9 3
5 4 9 4
5 4 9 1000000000
5 5 0 1
5 5 0 2
5 5 0 3
5 5 0 4
5 5 0 1000000000
5 5 1 1
5 5 1 2
5 5 1 3
5 5 1 4
5 5 1 1000000000
5 5 2 1
5 5 2 2
5 5 2 3
5 5 2 4
5 5 2 1000000000
5 5 3 1
5 5 3 2
5 5 3 3
5 5 3 4
5 5 3 1000000000
5 5 4 1
5 5 4 2
5 5 4 3
5 5 4 4
5 5 4 1000000000
5 5 5 1
5 5 5 2
5 5 5 3
5 5 5 4
5 5 5 1000000000
5 5 6 1
5 5 6 2
5 5 6 3
5 5 6 4
5 5 6 1000000000
5 5 7 1
5 5 7 2
5 5 7 3
5 5 7 4
5 5 7 1000000000
5 5 8 1
5 5 8 2
5 5 8 3
5 5 8 4
5 5 8 1000000000
5 5 9 1
5 5 9 2
5 5 9 3
5 5 9 4
5 5 9 1000000000
5 6 0 1
5 6 0 2
5 6 0 3
5 6 0 4
5 6 0 1000000000
5 6 1 1
5 6 1 2
5 6 1 3
5 6 1 4
5 6 1 1000000000
5 6 2 1
5 6 2 2
5 6 2 3
5 6 2 4
5 6 2 1000000000
5 6 3 1
5 6 3 2
5 6 3 3
5 6 3 4
5 6 3 1000000000
5 6 4 1
5 6 4 2
5 6 4 3
5 6 4 4
5 6 4 1000000000
5 6 5 1
5 6 5 2
5 6 5 3
5 6 5 4
5 6 5 1000000000
5 6 6 1
5 6 6 2
5 6 6 3
5 6 6 4
5 6 6 1000000000
5 6 7 1
5 6 7 2
5 6 7 3
5 6 7 4
5 6 7 1000000000
5 6 8 1
5 6 8 2
5 6 8 3
5 6 8 4
5 6 8 1000000000
5 6 9 1
5 6 9 2
5 6 9 3
5 6 9 4
5 6 9 1000000000
5 7 0 1
5 7 0 2
5 7 0 3
5 7 0 4
5 7 0 1000000000
5 7 1 1
5 7 1 2
5 7 1 3
5 7 1 4
5 7 1 1000000000
5 7 2 1
5 7 2 2
5 7 2 3
5 7 2 4
5 7 2 1000000000
5 7 3 1
5 7 3 2
5 7 3 3
5 7 3 4
5 7 3 1000000000
5 7 4 1
5 7 4 2
5 7 4 3
5 7 4 4
5 7 4 1000000000
5 7 5 1
5 7 5 2
5 7 5 3
5 7 5 4
5 7 5 1000000000
5 7 6 1
5 7 6 2
5 7 6 3
5 7 6 4
5 7 6 1000000000
5 7 7 1
5 7 7 2
5 7 7 3
5 7 7 4
5 7 7 1000000000
5 7 8 1
5 7 8 2
5 7 8 3
5 7 8 4
5 7 8 1000000000
5 7 9 1
5 7 9 2
5 7 9 3
5 7 9 4
5 7 9 1000000000
5 8 0 1
5 8 0 2
5 8 0 3
5 8 0 4
5 8 0 1000000000
5 8 1 1
5 8 1 2
5 8 1 3
5 8 1 4
5 8 1 1000000000
5 8 2 1
5 8 2 2
5 8 2 3
5 8 2 4
5 8 2 1000000000
5 8 3 1
5 8 3 2
5 8 3 3
5 8 3 4
5 8 3 1000000000
5 8 4 1
5 8 4 2
5 8 4 3
5 8 4 4
5 8 4 1000000000
5 8 5 1
5 8 5 2
5 8 5 3
5 8 5 4
5 8 5 1000000000
5 8 6 1
5 8 6 2
5 8 6 3
5 8 6 4
5 8 6 1000000000
5 8 7 1
5 8 7 2
5 8 7 3
5 8 7 4
5 8 7 1000000000
5 8 8 1
5 8 8 2
5 8 8 3
5 8 8 4
5 8 8 1000000000
5 8 9 1
5 8 9 2
5 8 9 3
5 8 9 4
5 8 9 1000000000
5 9 0 1
5 9 0 2
5 9 0 3
5 9 0 4
5 9 0 1000000000
5 9 1 1
5 9 1 2
5 9 1 3
5 9 1 4
5 9 1 1000000000
5 9 2 1
5 9 2 2
5 9 2 3
5 9 2 4
5 9 2 1000000000
5 9 3 1
5 9 3 2
5 9 3 3
5 9 3 4
5 9 3 1000000000
5 9 4 1
5 9 4 2
5 9 4 3
5 9 4 4
5 9 4 1000000000
5 9 5 1
5 9 5 2
5 9 5 3
5 9 5 4
5 9 5 1000000000
5 9 6 1
5 9 6 2
5 9 6 3
5 9 6 4
5 9 6 1000000000
5 9 7 1
5 9 7 2
5 9 7 3
5 9 7 4
5 9 7 1000000000
5 9 8 1
5 9 8 2
5 9 8 3
5 9 8 4
5 9 8 1000000000
5 9 9 1
5 9 9 2
5 9 9 3
5 9 9 4
5 9 9 1000000000
6 1 0 1
6 1 0 2
6 1 0 3
6 1 0 4
6 1 0 1000000000
6 1 1 1
6 1 1 2
6 1 1 3
6 1 1 4
6 1 1 1000000000
6 1 2 1
6 1 2 2
6 1 2 3
6 1 2 4
6 1 2 1000000000
6 1 3 1
6 1 3 2
6 1 3 3
6 1 3 4
6 1 3 1000000000
6 1 4 1
6 1 4 2
6 1 4 3
6 1 4 4
6 1 4 1000000000
6 1 5 1
6 1 5 2
6 1 5 3
6 1 5 4
6 1 5 1000000000
6 1 6 1
6 1 6 2
6 1 6 3
6 1 6 4
6 1 6 1000000000
6 1 7 1
6 1 7 2
6 1 7 3
6 1 7 4
6 1 7 1000000000
6 1 8 1
6 1 8 2
6 1 8 3
6 1 8 4
6 1 8 1000000000
6 1 9 1
6 1 9 2
6 1 9 3
6 1 9 4
6 1 9 1000000000
6 2 0 1
6 2 0 2
6 2 0 3
6 2 0 4
6 2 0 1000000000
6 2 1 1
6 2 1 2
6 2 1 3
6 2 1 4
6 2 1 1000000000
6 2 2 1
6 2 2 2
6 2 2 3
6 2 2 4
6 2 2 1000000000
6 2 3 1
6 2 3 2
6 2 3 3
6 2 3 4
6 2 3 1000000000
6 2 4 1
6 2 4 2
6 2 4 3
6 2 4 4
6 2 4 1000000000
6 2 5 1
6 2 5 2
6 2 5 3
6 2 5 4
6 2 5 1000000000
6 2 6 1
6 2 6 2
6 2 6 3
6 2 6 4
6 2 6 1000000000
6 2 7 1
6 2 7 2
6 2 7 3
6 2 7 4
6 2 7 1000000000
6 2 8 1
6 2 8 2
6 2 8 3
6 2 8 4
6 2 8 1000000000
6 2 9 1
6 2 9 2
6 2 9 3
6 2 9 4
6 2 9 1000000000
6 3 0 1
6 3 0 2
6 3 0 3
6 3 0 4
6 3 0 1000000000
6 3 1 1
6 3 1 2
6 3 1 3
6 3 1 4
6 3 1 1000000000
6 3 2 1
6 3 2 2
6 3 2 3
6 3 2 4
6 3 2 1000000000
6 3 3 1
6 3 3 2
6 3 3 3
6 3 3 4
6 3 3 1000000000
6 3 4 1
6 3 4 2
6 3 4 3
6 3 4 4
6 3 4 1000000000
6 3 5 1
6 3 5 2
6 3 5 3
6 3 5 4
6 3 5 1000000000
6 3 6 1
6 3 6 2
6 3 6 3
6 3 6 4
6 3 6 1000000000
6 3 7 1
6 3 7 2
6 3 7 3
6 3 7 4
6 3 7 1000000000
6 3 8 1
6 3 8 2
6 3 8 3
6 3 8 4
6 3 8 1000000000
6 3 9 1
6 3 9 2
6 3 9 3
6 3 9 4
6 3 9 1000000000
6 4 0 1
6 4 0 2
6 4 0 3
6 4 0 4
6 4 0 1000000000
6 4 1 1
6 4 1 2
6 4 1 3
6 4 1 4
6 4 1 1000000000
6 4 2 1
6 4 2 2
6 4 2 3
6 4 2 4
6 4 2 1000000000
6 4 3 1
6 4 3 2
6 4 3 3
6 4 3 4
6 4 3 1000000000
6 4 4 1
6 4 4 2
6 4 4 3
6 4 4 4
6 4 4 1000000000
6 4 5 1
6 4 5 2
6 4 5 3
6 4 5 4
6 4 5 1000000000
6 4 6 1
6 4 6 2
6 4 6 3
6 4 6 4
6 4 6 1000000000
6 4 7 1
6 4 7 2
6 4 7 3
6 4 7 4
6 4 7 1000000000
6 4 8 1
6 4 8 2
6 4 8 3
6 4 8 4
6 4 8 1000000000
6 4 9 1
6 4 9 2
6 4 9 3
6 4 9 4
6 4 9 1000000000
6 5 0 1
6 5 0 2
6 5 0 3
6 5 0 4
6 5 0 1000000000
6 5 1 1
6 5 1 2
6 5 1 3
6 5 1 4
6 5 1 1000000000
6 5 2 1
6 5 2 2
6 5 2 3
6 5 2 4
6 5 2 1000000000
6 5 3 1
6 5 3 2
6 5 3 3
6 5 3 4
6 5 3 1000000000
6 5 4 1
6 5 4 2
6 5 4 3
6 5 4 4
6 5 4 1000000000
6 5 5 1
6 5 5 2
6 5 5 3
6 5 5 4
6 5 5 1000000000
6 5 6 1
6 5 6 2
6 5 6 3
6 5 6 4
6 5 6 1000000000
6 5 7 1
6 5 7 2
6 5 7 3
6 5 7 4
6 5 7 1000000000
6 5 8 1
6 5 8 2
6 5 8 3
6 5 8 4
6 5 8 1000000000
6 5 9 1
6 5 9 2
6 5 9 3
6 5 9 4
6 5 9 1000000000
6 6 0 1
6 6 0 2
6 6 0 3
6 6 0 4
6 6 0 1000000000
6 6 1 1
6 6 1 2
6 6 1 3
6 6 1 4
6 6 1 1000000000
6 6 2 1
6 6 2 2
6 6 2 3
6 6 2 4
6 6 2 1000000000
6 6 3 1
6 6 3 2
6 6 3 3
6 6 3 4
6 6 3 1000000000
6 6 4 1
6 6 4 2
6 6 4 3
6 6 4 4
6 6 4 1000000000
6 6 5 1
6 6 5 2
6 6 5 3
6 6 5 4
6 6 5 1000000000
6 6 6 1
6 6 6 2
6 6 6 3
6 6 6 4
6 6 6 1000000000
6 6 7 1
6 6 7 2
6 6 7 3
6 6 7 4
6 6 7 1000000000
6 6 8 1
6 6 8 2
6 6 8 3
6 6 8 4
6 6 8 1000000000
6 6 9 1
6 6 9 2
6 6 9 3
6 6 9 4
6 6 9 1000000000
6 7 0 1
6 7 0 2
6 7 0 3
6 7 0 4
6 7 0 1000000000
6 7 1 1
6 7 1 2
6 7 1 3
6 7 1 4
6 7 1 1000000000
6 7 2 1
6 7 2 2
6 7 2 3
6 7 2 4
6 7 2 1000000000
6 7 3 1
6 7 3 2
6 7 3 3
6 7 3 4
6 7 3 1000000000
6 7 4 1
6 7 4 2
6 7 4 3
6 7 4 4
6 7 4 1000000000
6 7 5 1
6 7 5 2
6 7 5 3
6 7 5 4
6 7 5 1000000000
6 7 6 1
6 7 6 2
6 7 6 3
6 7 6 4
6 7 6 1000000000
6 7 7 1
6 7 7 2
6 7 7 3
6 7 7 4
6 7 7 1000000000
6 7 8 1
6 7 8 2
6 7 8 3
6 7 8 4
6 7 8 1000000000
6 7 9 1
6 7 9 2
6 7 9 3
6 7 9 4
6 7 9 1000000000
6 8 0 1
6 8 0 2
6 8 0 3
6 8 0 4
6 8 0 1000000000
6 8 1 1
6 8 1 2
6 8 1 3
6 8 1 4
6 8 1 1000000000
6 8 2 1
6 8 2 2
6 8 2 3
6 8 2 4
6 8 2 1000000000
6 8 3 1
6 8 3 2
6 8 3 3
6 8 3 4
6 8 3 1000000000
6 8 4 1
6 8 4 2
6 8 4 3
6 8 4 4
6 8 4 1000000000
6 8 5 1
6 8 5 2
6 8 5 3
6 8 5 4
6 8 5 1000000000
6 8 6 1
6 8 6 2
6 8 6 3
6 8 6 4
6 8 6 1000000000
6 8 7 1
6 8 7 2
6 8 7 3
6 8 7 4
6 8 7 1000000000
6 8 8 1
6 8 8 2
6 8 8 3
6 8 8 4
6 8 8 1000000000
6 8 9 1
6 8 9 2
6 8 9 3
6 8 9 4
6 8 9 1000000000
6 9 0 1
6 9 0 2
6 9 0 3
6 9 0 4
6 9 0 1000000000
6 9 1 1
6 9 1 2
6 9 1 3
6 9 1 4
6 9 1 1000000000
6 9 2 1
6 9 2 2
6 9 2 3
6 9 2 4
6 9 2 1000000000
6 9 3 1
6 9 3 2
6 9 3 3
6 9 3 4
6 9 3 1000000000
6 9 4 1
6 9 4 2
6 9 4 3
6 9 4 4
6 9 4 1000000000
6 9 5 1
6 9 5 2
6 9 5 3
6 9 5 4
6 9 5 1000000000
6 9 6 1
6 9 6 2
6 9 6 3
6 9 6 4
6 9 6 1000000000
6 9 7 1
6 9 7 2
6 9 7 3
6 9 7 4
6 9 7 1000000000
6 9 8 1
6 9 8 2
6 9 8 3
6 9 8 4
6 9 8 1000000000
6 9 9 1
6 9 9 2
6 9 9 3
6 9 9 4
6 9 9 1000000000
7 1 0 1
7 1 0 2
7 1 0 3
7 1 0 4
7 1 0 1000000000
7 1 1 1
7 1 1 2
7 1 1 3
7 1 1 4
7 1 1 1000000000
7 1 2 1
7 1 2 2
7 1 2 3
7 1 2 4
7 1 2 1000000000
7 1 3 1
7 1 3 2
7 1 3 3
7 1 3 4
7 1 3 1000000000
7 1 4 1
7 1 4 2
7 1 4 3
7 1 4 4
7 1 4 1000000000
7 1 5 1
7 1 5 2
7 1 5 3
7 1 5 4
7 1 5 1000000000
7 1 6 1
7 1 6 2
7 1 6 3
7 1 6 4
7 1 6 1000000000
7 1 7 1
7 1 7 2
7 1 7 3
7 1 7 4
7 1 7 1000000000
7 1 8 1
7 1 8 2
7 1 8 3
7 1 8 4
7 1 8 1000000000
7 1 9 1
7 1 9 2
7 1 9 3
7 1 9 4
7 1 9 1000000000
7 2 0 1
7 2 0 2
7 2 0 3
7 2 0 4
7 2 0 1000000000
7 2 1 1
7 2 1 2
7 2 1 3
7 2 1 4
7 2 1 1000000000
7 2 2 1
7 2 2 2
7 2 2 3
7 2 2 4
7 2 2 1000000000
7 2 3 1
7 2 3 2
7 2 3 3
7 2 3 4
7 2 3 1000000000
7 2 4 1
7 2 4 2
7 2 4 3
7 2 4 4
7 2 4 1000000000
7 2 5 1
7 2 5 2
7 2 5 3
7 2 5 4
7 2 5 1000000000
7 2 6 1
7 2 6 2
7 2 6 3
7 2 6 4
7 2 6 1000000000
7 2 7 1
7 2 7 2
7 2 7 3
7 2 7 4
7 2 7 1000000000
7 2 8 1
7 2 8 2
7 2 8 3
7 2 8 4
7 2 8 1000000000
7 2 9 1
7 2 9 2
7 2 9 3
7 2 9 4
7 2 9 1000000000
7 3 0 1
7 3 0 2
7 3 0 3
7 3 0 4
7 3 0 1000000000
7 3 1 1
7 3 1 2
7 3 1 3
7 3 1 4
7 3 1 1000000000
7 3 2 1
7 3 2 2
7 3 2 3
7 3 2 4
7 3 2 1000000000
7 3 3 1
7 3 3 2
7 3 3 3
7 3 3 4
7 3 3 1000000000
7 3 4 1
7 3 4 2
7 3 4 3
7 3 4 4
7 3 4 1000000000
7 3 5 1
7 3 5 2
7 3 5 3
7 3 5 4
7 3 5 1000000000
7 3 6 1
7 3 6 2
7 3 6 3
7 3 6 4
7 3 6 1000000000
7 3 7 1
7 3 7 2
7 3 7 3
7 3 7 4
7 3 7 1000000000
7 3 8 1
7 3 8 2
7 3 8 3
7 3 8 4
7 3 8 1000000000
7 3 9 1
7 3 9 2
7 3 9 3
7 3 9 4
7 3 9 1000000000
7 4 0 1
7 4 0 2
7 4 0 3
7 4 0 4
7 4 0 1000000000
7 4 1 1
7 4 1 2
7 4 1 3
7 4 1 4
7 4 1 1000000000
7 4 2 1
7 4 2 2
7 4 2 3
7 4 2 4
7 4 2 1000000000
7 4 3 1
7 4 3 2
7 4 3 3
7 4 3 4
7 4 3 1000000000
7 4 4 1
7 4 4 2
7 4 4 3
7 4 4 4
7 4 4 1000000000
7 4 5 1
7 4 5 2
7 4 5 3
7 4 5 4
7 4 5 1000000000
7 4 6 1
7 4 6 2
7 4 6 3
7 4 6 4
7 4 6 1000000000
7 4 7 1
7 4 7 2
7 4 7 3
7 4 7 4
7 4 7 1000000000
7 4 8 1
7 4 8 2
7 4 8 3
7 4 8 4
7 4 8 1000000000
7 4 9 1
7 4 9 2
7 4 9 3
7 4 9 4
7 4 9 1000000000
7 5 0 1
7 5 0 2
7 5 0 3
7 5 0 4
7 5 0 1000000000
7 5 1 1
7 5 1 2
7 5 1 3
7 5 1 4
7 5 1 1000000000
7 5 2 1
7 5 2 2
7 5 2 3
7 5 2 4
7 5 2 1000000000
7 5 3 1
7 5 3 2
7 5 3 3
7 5 3 4
7 5 3 1000000000
7 5 4 1
7 5 4 2
7 5 4 3
7 5 4 4
7 5 4 1000000000
7 5 5 1
7 5 5 2
7 5 5 3
7 5 5 4
7 5 5 1000000000
7 5 6 1
7 5 6 2
7 5 6 3
7 5 6 4
7 5 6 1000000000
7 5 7 1
7 5 7 2
7 5 7 3
7 5 7 4
7 5 7 1000000000
7 5 8 1
7 5 8 2
7 5 8 3
7 5 8 4
7 5 8 1000000000
7 5 9 1
7 5 9 2
7 5 9 3
7 5 9 4
7 5 9 1000000000
7 6 0 1
7 6 0 2
7 6 0 3
7 6 0 4
7 6 0 1000000000
7 6 1 1
7 6 1 2
7 6 1 3
7 6 1 4
7 6 1 1000000000
7 6 2 1
7 6 2 2
7 6 2 3
7 6 2 4
7 6 2 1000000000
7 6 3 1
7 6 3 2
7 6 3 3
7 6 3 4
7 6 3 1000000000
7 6 4 1
7 6 4 2
7 6 4 3
7 6 4 4
7 6 4 1000000000
7 6 5 1
7 6 5 2
7 6 5 3
7 6 5 4
7 6 5 1000000000
7 6 6 1
7 6 6 2
7 6 6 3
7 6 6 4
7 6 6 1000000000
7 6 7 1
7 6 7 2
7 6 7 3
7 6 7 4
7 6 7 1000000000
7 6 8 1
7 6 8 2
7 6 8 3
7 6 8 4
7 6 8 1000000000
7 6 9 1
7 6 9 2
7 6 9 3
7 6 9 4
7 6 9 1000000000
7 7 0 1
7 7 0 2
7 7 0 3
7 7 0 4
7 7 0 1000000000
7 7 1 1
7 7 1 2
7 7 1 3
7 7 1 4
7 7 1 1000000000
7 7 2 1
7 7 2 2
7 7 2 3
7 7 2 4
7 7 2 1000000000
7 7 3 1
7 7 3 2
7 7 3 3
7 7 3 4
7 7 3 1000000000
7 7 4 1
7 7 4 2
7 7 4 3
7 7 4 4
7 7 4 1000000000
7 7 5 1
7 7 5 2
7 7 5 3
7 7 5 4
7 7 5 1000000000
7 7 6 1
7 7 6 2
7 7 6 3
7 7 6 4
7 7 6 1000000000
7 7 7 1
7 7 7 2
7 7 7 3
7 7 7 4
7 7 7 1000000000
7 7 8 1
7 7 8 2
7 7 8 3
7 7 8 4
7 7 8 1000000000
7 7 9 1
7 7 9 2
7 7 9 3
7 7 9 4
7 7 9 1000000000
7 8 0 1
7 8 0 2
7 8 0 3
7 8 0 4
7 8 0 1000000000
7 8 1 1
7 8 1 2
7 8 1 3
7 8 1 4
7 8 1 1000000000
7 8 2 1
7 8 2 2
7 8 2 3
7 8 2 4
7 8 2 1000000000
7 8 3 1
7 8 3 2
7 8 3 3
7 8 3 4
7 8 3 1000000000
7 8 4 1
7 8 4 2
7 8 4 3
7 8 4 4
7 8 4 1000000000
7 8 5 1
7 8 5 2
7 8 5 3
7 8 5 4
7 8 5 1000000000
7 8 6 1
7 8 6 2
7 8 6 3
7 8 6 4
7 8 6 1000000000
7 8 7 1
7 8 7 2
7 8 7 3
7 8 7 4
7 8 7 1000000000
7 8 8 1
7 8 8 2
7 8 8 3
7 8 8 4
7 8 8 1000000000
7 8 9 1
7 8 9 2
7 8 9 3
7 8 9 4
7 8 9 1000000000
7 9 0 1
7 9 0 2
7 9 0 3
7 9 0 4
7 9 0 1000000000
7 9 1 1
7 9 1 2
7 9 1 3
7 9 1 4
7 9 1 1000000000
7 9 2 1
7 9 2 2
7 9 2 3
7 9 2 4
7 9 2 1000000000
7 9 3 1
7 9 3 2
7 9 3 3
7 9 3 4
7 9 3 1000000000
7 9 4 1
7 9 4 2
7 9 4 3
7 9 4 4
7 9 4 1000000000
7 9 5 1
7 9 5 2
7 9 5 3
7 9 5 4
7 9 5 1000000000
7 9 6 1
7 9 6 2
7 9 6 3
7 9 6 4
7 9 6 1000000000
7 9 7 1
7 9 7 2
7 9 7 3
7 9 7 4
7 9 7 1000000000
7 9 8 1
7 9 8 2
7 9 8 3
7 9 8 4
7 9 8 1000000000
7 9 9 1
7 9 9 2
7 9 9 3
7 9 9 4
7 9 9 1000000000
8 1 0 1
8 1 0 2
8 1 0 3
8 1 0 4
8 1 0 1000000000
8 1 1 1
8 1 1 2
8 1 1 3
8 1 1 4
8 1 1 1000000000
8 1 2 1
8 1 2 2
8 1 2 3
8 1 2 4
8 1 2 1000000000
8 1 3 1
8 1 3 2
8 1 3 3
8 1 3 4
8 1 3 1000000000
8 1 4 1
8 1 4 2
8 1 4 3
8 1 4 4
8 1 4 1000000000
8 1 5 1
8 1 5 2
8 1 5 3
8 1 5 4
8 1 5 1000000000
8 1 6 1
8 1 6 2
8 1 6 3
8 1 6 4
8 1 6 1000000000
8 1 7 1
8 1 7 2
8 1 7 3
8 1 7 4
8 1 7 1000000000
8 1 8 1
8 1 8 2
8 1 8 3
8 1 8 4
8 1 8 1000000000
8 1 9 1
8 1 9 2
8 1 9 3
8 1 9 4
8 1 9 1000000000
8 2 0 1
8 2 0 2
8 2 0 3
8 2 0 4
8 2 0 1000000000
8 2 1 1
8 2 1 2
8 2 1 3
8 2 1 4
8 2 1 1000000000
8 2 2 1
8 2 2 2
8 2 2 3
8 2 2 4
8 2 2 1000000000
8 2 3 1
8 2 3 2
8 2 3 3
8 2 3 4
8 2 3 1000000000
8 2 4 1
8 2 4 2
8 2 4 3
8 2 4 4
8 2 4 1000000000
8 2 5 1
8 2 5 2
8 2 5 3
8 2 5 4
8 2 5 1000000000
8 2 6 1
8 2 6 2
8 2 6 3
8 2 6 4
8 2 6 1000000000
8 2 7 1
8 2 7 2
8 2 7 3
8 2 7 4
8 2 7 1000000000
8 2 8 1
8 2 8 2
8 2 8 3
8 2 8 4
8 2 8 1000000000
8 2 9 1
8 2 9 2
8 2 9 3
8 2 9 4
8 2 9 1000000000
8 3 0 1
8 3 0 2
8 3 0 3
8 3 0 4
8 3 0 1000000000
8 3 1 1
8 3 1 2
8 3 1 3
8 3 1 4
8 3 1 1000000000
8 3 2 1
8 3 2 2
8 3 2 3
8 3 2 4
8 3 2 1000000000
8 3 3 1
8 3 3 2
8 3 3 3
8 3 3 4
8 3 3 1000000000
8 3 4 1
8 3 4 2
8 3 4 3
8 3 4 4
8 3 4 1000000000
8 3 5 1
8 3 5 2
8 3 5 3
8 3 5 4
8 3 5 1000000000
8 3 6 1
8 3 6 2
8 3 6 3
8 3 6 4
8 3 6 1000000000
8 3 7 1
8 3 7 2
8 3 7 3
8 3 7 4
8 3 7 1000000000
8 3 8 1
8 3 8 2
8 3 8 3
8 3 8 4
8 3 8 1000000000
8 3 9 1
8 3 9 2
8 3 9 3
8 3 9 4
8 3 9 1000000000
8 4 0 1
8 4 0 2
8 4 0 3
8 4 0 4
8 4 0 1000000000
8 4 1 1
8 4 1 2
8 4 1 3
8 4 1 4
8 4 1 1000000000
8 4 2 1
8 4 2 2
8 4 2 3
8 4 2 4
8 4 2 1000000000
8 4 3 1
8 4 3 2
8 4 3 3
8 4 3 4
8 4 3 1000000000
8 4 4 1
8 4 4 2
8 4 4 3
8 4 4 4
8 4 4 1000000000
8 4 5 1
8 4 5 2
8 4 5 3
8 4 5 4
8 4 5 1000000000
8 4 6 1
8 4 6 2
8 4 6 3
8 4 6 4
8 4 6 1000000000
8 4 7 1
8 4 7 2
8 4 7 3
8 4 7 4
8 4 7 1000000000
8 4 8 1
8 4 8 2
8 4 8 3
8 4 8 4
8 4 8 1000000000
8 4 9 1
8 4 9 2
8 4 9 3
8 4 9 4
8 4 9 1000000000
8 5 0 1
8 5 0 2
8 5 0 3
8 5 0 4
8 5 0 1000000000
8 5 1 1
8 5 1 2
8 5 1 3
8 5 1 4
8 5 1 1000000000
8 5 2 1
8 5 2 2
8 5 2 3
8 5 2 4
8 5 2 1000000000
8 5 3 1
8 5 3 2
8 5 3 3
8 5 3 4
8 5 3 1000000000
8 5 4 1
8 5 4 2
8 5 4 3
8 5 4 4
8 5 4 1000000000
8 5 5 1
8 5 5 2
8 5 5 3
8 5 5 4
8 5 5 1000000000
8 5 6 1
8 5 6 2
8 5 6 3
8 5 6 4
8 5 6 1000000000
8 5 7 1
8 5 7 2
8 5 7 3
8 5 7 4
8 5 7 1000000000
8 5 8 1
8 5 8 2
8 5 8 3
8 5 8 4
8 5 8 1000000000
8 5 9 1
8 5 9 2
8 5 9 3
8 5 9 4
8 5 9 1000000000
8 6 0 1
8 6 0 2
8 6 0 3
8 6 0 4
8 6 0 1000000000
8 6 1 1
8 6 1 2
8 6 1 3
8 6 1 4
8 6 1 1000000000
8 6 2 1
8 6 2 2
8 6 2 3
8 6 2 4
8 6 2 1000000000
8 6 3 1
8 6 3 2
8 6 3 3
8 6 3 4
8 6 3 1000000000
8 6 4 1
8 6 4 2
8 6 4 3
8 6 4 4
8 6 4 1000000000
8 6 5 1
8 6 5 2
8 6 5 3
8 6 5 4
8 6 5 1000000000
8 6 6 1
8 6 6 2
8 6 6 3
8 6 6 4
8 6 6 1000000000
8 6 7 1
8 6 7 2
8 6 7 3
8 6 7 4
8 6 7 1000000000
8 6 8 1
8 6 8 2
8 6 8 3
8 6 8 4
8 6 8 1000000000
8 6 9 1
8 6 9 2
8 6 9 3
8 6 9 4
8 6 9 1000000000
8 7 0 1
8 7 0 2
8 7 0 3
8 7 0 4
8 7 0 1000000000
8 7 1 1
8 7 1 2
8 7 1 3
8 7 1 4
8 7 1 1000000000
8 7 2 1
8 7 2 2
8 7 2 3
8 7 2 4
8 7 2 1000000000
8 7 3 1
8 7 3 2
8 7 3 3
8 7 3 4
8 7 3 1000000000
8 7 4 1
8 7 4 2
8 7 4 3
8 7 4 4
8 7 4 1000000000
8 7 5 1
8 7 5 2
8 7 5 3
8 7 5 4
8 7 5 1000000000
8 7 6 1
8 7 6 2
8 7 6 3
8 7 6 4
8 7 6 1000000000
8 7 7 1
8 7 7 2
8 7 7 3
8 7 7 4
8 7 7 1000000000
8 7 8 1
8 7 8 2
8 7 8 3
8 7 8 4
8 7 8 1000000000
8 7 9 1
8 7 9 2
8 7 9 3
8 7 9 4
8 7 9 1000000000
8 8 0 1
8 8 0 2
8 8 0 3
8 8 0 4
8 8 0 1000000000
8 8 1 1
8 8 1 2
8 8 1 3
8 8 1 4
8 8 1 1000000000
8 8 2 1
8 8 2 2
8 8 2 3
8 8 2 4
8 8 2 1000000000
8 8 3 1
8 8 3 2
8 8 3 3
8 8 3 4
8 8 3 1000000000
8 8 4 1
8 8 4 2
8 8 4 3
8 8 4 4
8 8 4 1000000000
8 8 5 1
8 8 5 2
8 8 5 3
8 8 5 4
8 8 5 1000000000
8 8 6 1
8 8 6 2
8 8 6 3
8 8 6 4
8 8 6 1000000000
8 8 7 1
8 8 7 2
8 8 7 3
8 8 7 4
8 8 7 1000000000
8 8 8 1
8 8 8 2
8 8 8 3
8 8 8 4
8 8 8 1000000000
8 8 9 1
8 8 9 2
8 8 9 3
8 8 9 4
8 8 9 1000000000
8 9 0 1
8 9 0 2
8 9 0 3
8 9 0 4
8 9 0 1000000000
8 9 1 1
8 9 1 2
8 9 1 3
8 9 1 4
8 9 1 1000000000
8 9 2 1
8 9 2 2
8 9 2 3
8 9 2 4
8 9 2 1000000000
8 9 3 1
8 9 3 2
8 9 3 3
8 9 3 4
8 9 3 1000000000
8 9 4 1
8 9 4 2
8 9 4 3
8 9 4 4
8 9 4 1000000000
8 9 5 1
8 9 5 2
8 9 5 3
8 9 5 4
8 9 5 1000000000
8 9 6 1
8 9 6 2
8 9 6 3
8 9 6 4
8 9 6 1000000000
8 9 7 1
8 9 7 2
8 9 7 3
8 9 7 4
8 9 7 1000000000
8 9 8 1
8 9 8 2
8 9 8 3
8 9 8 4
8 9 8 1000000000
8 9 9 1
8 9 9 2
8 9 9 3
8 9 9 4
8 9 9 1000000000
9 1 0 1
9 1 0 2
9 1 0 3
9 1 0 4
9 1 0 1000000000
9 1 1 1
9 1 1 2
9 1 1 3
9 1 1 4
9 1 1 1000000000
9 1 2 1
9 1 2 2
9 1 2 3
9 1 2 4
9 1 2 1000000000
9 1 3 1
9 1 3 2
9 1 3 3
9 1 3 4
9 1 3 1000000000
9 1 4 1
9 1 4 2
9 1 4 3
9 1 4 4
9 1 4 1000000000
9 1 5 1
9 1 5 2
9 1 5 3
9 1 5 4
9 1 5 1000000000
9 1 6 1
9 1 6 2
9 1 6 3
9 1 6 4
9 1 6 1000000000
9 1 7 1
9 1 7 2
9 1 7 3
9 1 7 4
9 1 7 1000000000
9 1 8 1
9 1 8 2
9 1 8 3
9 1 8 4
9 1 8 1000000000
9 1 9 1
9 1 9 2
9 1 9 3
9 1 9 4
9 1 9 1000000000
9 2 0 1
9 2 0 2
9 2 0 3
9 2 0 4
9 2 0 1000000000
9 2 1 1
9 2 1 2
9 2 1 3
9 2 1 4
9 2 1 1000000000
9 2 2 1
9 2 2 2
9 2 2 3
9 2 2 4
9 2 2 1000000000
9 2 3 1
9 2 3 2
9 2 3 3
9 2 3 4
9 2 3 1000000000
9 2 4 1
9 2 4 2
9 2 4 3
9 2 4 4
9 2 4 1000000000
9 2 5 1
9 2 5 2
9 2 5 3
9 2 5 4
9 2 5 1000000000
9 2 6 1
9 2 6 2
9 2 6 3
9 2 6 4
9 2 6 1000000000
9 2 7 1
9 2 7 2
9 2 7 3
9 2 7 4
9 2 7 1000000000
9 2 8 1
9 2 8 2
9 2 8 3
9 2 8 4
9 2 8 1000000000
9 2 9 1
9 2 9 2
9 2 9 3
9 2 9 4
9 2 9 1000000000
9 3 0 1
9 3 0 2
9 3 0 3
9 3 0 4
9 3 0 1000000000
9 3 1 1
9 3 1 2
9 3 1 3
9 3 1 4
9 3 1 1000000000
9 3 2 1
9 3 2 2
9 3 2 3
9 3 2 4
9 3 2 1000000000
9 3 3 1
9 3 3 2
9 3 3 3
9 3 3 4
9 3 3 1000000000
9 3 4 1
9 3 4 2
9 3 4 3
9 3 4 4
9 3 4 1000000000
9 3 5 1
9 3 5 2
9 3 5 3
9 3 5 4
9 3 5 1000000000
9 3 6 1
9 3 6 2
9 3 6 3
9 3 6 4
9 3 6 1000000000
9 3 7 1
9 3 7 2
9 3 7 3
9 3 7 4
9 3 7 1000000000
9 3 8 1
9 3 8 2
9 3 8 3
9 3 8 4
9 3 8 1000000000
9 3 9 1
9 3 9 2
9 3 9 3
9 3 9 4
9 3 9 1000000000
9 4 0 1
9 4 0 2
9 4 0 3
9 4 0 4
9 4 0 1000000000
9 4 1 1
9 4 1 2
9 4 1 3
9 4 1 4
9 4 1 1000000000
9 4 2 1
9 4 2 2
9 4 2 3
9 4 2 4
9 4 2 1000000000
9 4 3 1
9 4 3 2
9 4 3 3
9 4 3 4
9 4 3 1000000000
9 4 4 1
9 4 4 2
9 4 4 3
9 4 4 4
9 4 4 1000000000
9 4 5 1
9 4 5 2
9 4 5 3
9 4 5 4
9 4 5 1000000000
9 4 6 1
9 4 6 2
9 4 6 3
9 4 6 4
9 4 6 1000000000
9 4 7 1
9 4 7 2
9 4 7 3
9 4 7 4
9 4 7 1000000000
9 4 8 1
9 4 8 2
9 4 8 3
9 4 8 4
9 4 8 1000000000
9 4 9 1
9 4 9 2
9 4 9 3
9 4 9 4
9 4 9 1000000000
9 5 0 1
9 5 0 2
9 5 0 3
9 5 0 4
9 5 0 1000000000
9 5 1 1
9 5 1 2
9 5 1 3
9 5 1 4
9 5 1 1000000000
9 5 2 1
9 5 2 2
9 5 2 3
9 5 2 4
9 5 2 1000000000
9 5 3 1
9 5 3 2
9 5 3 3
9 5 3 4
9 5 3 1000000000
9 5 4 1
9 5 4 2
9 5 4 3
9 5 4 4
9 5 4 1000000000
9 5 5 1
9 5 5 2
9 5 5 3
9 5 5 4
9 5 5 1000000000
9 5 6 1
9 5 6 2
9 5 6 3
9 5 6 4
9 5 6 1000000000
9 5 7 1
9 5 7 2
9 5 7 3
9 5 7 4
9 5 7 1000000000
9 5 8 1
9 5 8 2
9 5 8 3
9 5 8 4
9 5 8 1000000000
9 5 9 1
9 5 9 2
9 5 9 3
9 5 9 4
9 5 9 1000000000
9 6 0 1
9 6 0 2
9 6 0 3
9 6 0 4
9 6 0 1000000000
9 6 1 1
9 6 1 2
9 6 1 3
9 6 1 4
9 6 1 1000000000
9 6 2 1
9 6 2 2
9 6 2 3
9 6 2 4
9 6 2 1000000000
9 6 3 1
9 6 3 2
9 6 3 3
9 6 3 4
9 6 3 1000000000
9 6 4 1
9 6 4 2
9 6 4 3
9 6 4 4
9 6 4 1000000000
9 6 5 1
9 6 5 2
9 6 5 3
9 6 5 4
9 6 5 1000000000
9 6 6 1
9 6 6 2
9 6 6 3
9 6 6 4
9 6 6 1000000000
9 6 7 1
9 6 7 2
9 6 7 3
9 6 7 4
9 6 7 1000000000
9 6 8 1
9 6 8 2
9 6 8 3
9 6 8 4
9 6 8 1000000000
9 6 9 1
9 6 9 2
9 6 9 3
9 6 9 4
9 6 9 1000000000
9 7 0 1
9 7 0 2
9 7 0 3
9 7 0 4
9 7 0 1000000000
9 7 1 1
9 7 1 2
9 7 1 3
9 7 1 4
9 7 1 1000000000
9 7 2 1
9 7 2 2
9 7 2 3
9 7 2 4
9 7 2 1000000000
9 7 3 1
9 7 3 2
9 7 3 3
9 7 3 4
9 7 3 1000000000
9 7 4 1
9 7 4 2
9 7 4 3
9 7 4 4
9 7 4 1000000000
9 7 5 1
9 7 5 2
9 7 5 3
9 7 5 4
9 7 5 1000000000
9 7 6 1
9 7 6 2
9 7 6 3
9 7 6 4
9 7 6 1000000000
9 7 7 1
9 7 7 2
9 7 7 3
9 7 7 4
9 7 7 1000000000
9 7 8 1
9 7 8 2
9 7 8 3
9 7 8 4
9 7 8 1000000000
9 7 9 1
9 7 9 2
9 7 9 3
9 7 9 4
9 7 9 1000000000
9 8 0 1
9 8 0 2
9 8 0 3
9 8 0 4
9 8 0 1000000000
9 8 1 1
9 8 1 2
9 8 1 3
9 8 1 4
9 8 1 1000000000
9 8 2 1
9 8 2 2
9 8 2 3
9 8 2 4
9 8 2 1000000000
9 8 3 1
9 8 3 2
9 8 3 3
9 8 3 4
9 8 3 1000000000
9 8 4 1
9 8 4 2
9 8 4 3
9 8 4 4
9 8 4 1000000000
9 8 5 1
9 8 5 2
9 8 5 3
9 8 5 4
9 8 5 1000000000
9 8 6 1
9 8 6 2
9 8 6 3
9 8 6 4
9 8 6 1000000000
9 8 7 1
9 8 7 2
9 8 7 3
9 8 7 4
9 8 7 1000000000
9 8 8 1
9 8 8 2
9 8 8 3
9 8 8 4
9 8 8 1000000000
9 8 9 1
9 8 9 2
9 8 9 3
9 8 9 4
9 8 9 1000000000
9 9 0 1
9 9 0 2
9 9 0 3
9 9 0 4
9 9 0 1000000000
9 9 1 1
9 9 1 2
9 9 1 3
9 9 1 4
9 9 1 1000000000
9 9 2 1
9 9 2 2
9 9 2 3
9 9 2 4
9 9 2 1000000000
9 9 3 1
9 9 3 2
9 9 3 3
9 9 3 4
9 9 3 1000000000
9 9 4 1
9 9 4 2
9 9 4 3
9 9 4 4
9 9 4 1000000000
9 9 5 1
9 9 5 2
9 9 5 3
9 9 5 4
9 9 5 1000000000
9 9 6 1
9 9 6 2
9 9 6 3
9 9 6 4
9 9 6 1000000000
9 9 7 1
9 9 7 2
9 9 7 3
9 9 7 4
9 9 7 1000000000
9 9 8 1
9 9 8 2
9 9 8 3
9 9 8 4
9 9 8 1000000000
9 9 9 1
9 9 9 2
9 9 9 3
9 9 9 4
9 9 9 1000000000
3 6 7 107411091
6 4 5 49373876
2 6 7 10801580
7 8 0 125314480
9 6 7 64705855
4 6 0 37713655
5 9 7 8128979
3 1 9 2018825
6 7 7 109801450
2 2 5 56987206
1 6 6 88810861
8 3 1 121861841
3 8 8 84599127
8 4 1 130049276
2 2 5 126154346
5 4 2 128498401
3 2 3 2082406
5 3 6 82161127
8 7 8 21764787
8 7 2 101174332
1 8 7 88816039
4 4 0 110750842
5 6 0 53870417
5 4 4 105234661
5 3 3 84731547
4 7 2 24665413
2 9 9 18625645
1 1 9 95745813
2 2 4 23857261
8 1 1 51791301
7 4 0 127157108
2 5 8 5033319
7 3 5 17498792
7 1 4 63919342
4 1 0 23514187
9 6 7 21918265
9 9 4 124903801
3 3 9 23693774
1 3 6 2857785
2 2 2 8069293
2 1 7 11242501
7 4 7 5719561
4 8 5 13485838
1 5 2 58728528
3 9 8 78477558
4 4 8 30056672
3 1 6 26779376
5 4 1 4594084
7 3 8 14483281
1 1 5 51752094
9 4 1 104658182
6 7 0 99274072
6 6 2 76038413
7 1 7 129102986
1 7 5 67975072
6 6 0 91015037
9 8 1 63858649
3 3 2 28791706
5 3 5 72772553
5 9 2 118741548
6 9 7 108063686
7 9 8 1435366
4 6 7 58187149
1 8 9 37736087
6 2 3 19724236
2 1 9 85389022
1 5 8 76828009
8 6 5 11186889
4 4 9 32426443
4 3 3 62545401
6 6 2 80680047
2 4 8 90029260
6 8 1 31351283
1 6 4 123942448
3 5 6 66902593
9 8 3 31687608
5 9 2 67402828
7 6 6 58721241
9 4 7 117455233
9 3 3 121856332
2 8 9 50722566
6 8 4 85220785
9 5 5 81381637
8 6 8 92386741
8 9 9 46354784
8 9 7 81101286
3 3 1 93074074
5 6 3 12297789
3 8 5 82663400
9 1 6 14416066
2 4 5 15398886
2 4 2 119581251
2 6 7 15332173
1 6 9 71130239
6 3 9 88511987
3 7 6 58065604
8 6 7 30016724
6 6 0 79763861
8 2 4 26475120
1 7 7 110409391
1 2 4 6770299
5 2 0 117634826
4 8 2 70989159
5 6 1 117526501
2 4 9 69876397
1 3 1 75974872
8 7 2 100571575
6 5 9 46511899
8 5 4 69721933
5 2 1 55618540
5 4 3 75511001
5 4 0 94624512
2 3 1 62696156
7 4 2 94024775
7 1 8 127084274
5 3 7 41496457
1 3 0 6080279
6 8 3 97143031
2 7 0 109009296
7 4 0 85599445
3 1 6 34014599
4 8 3 125597833
4 9 6 81375306
1 3 0 43269920
3 7 7 22101583
3 9 2 21294041
1 9 1 37452196
7 7 3 85603654
8 8 4 19828324
9 3 1 5788739
5 6 2 8873065
6 9 9 2439560
6 2 9 186150
3 1 6 130433634
8 5 4 40745908
2 8 3 74036035
5 3 8 44225034
6 1 0 16568831
1 6 2 81379442
9 4 7 23368163
1 9 4 18938108
1 4 3 39535254
9 2 3 21314668
9 9 6 28676761
4 1 8 3159641
3 1 7 113116347
4 4 0 4622351
5 4 0 6389923
8 1 5 120653776
4 8 7 63362179
1 9 7 3579841
7 2 2 107928223
9 6 6 43756457
4 6 9 114677601
5 2 1 32652541
6 2 0 28926682
2 7 8 38729238
5 5 3 51465700
1 9 0 112910911
5 6 1 83236204
9 2 7 53837682
6 5 0 46445891
8 9 2 103119825
3 8 1 58890287
7 2 8 8177157
9 8 1 14250812
8 3 4 45541651
9 4 6 105391234
7 1 1 93676127
6 2 7 6496228
9 3 9 91759563
1 9 6 1501493
6 7 3 53516859
2 8 2 3315701
3 6 7 6212781
2 4 2 89258947
2 4 1 46354645
1 3 4 17266603
6 4 6 7666605
1 6 8 42082612
1 3 0 114833980
7 9 1 12801484
9 5 3 81304885
7 8 8 41219212
6 8 8 104372929
3 7 9 6823030
6 4 4 99440404
5 5 9 49744440
3 6 6 23437686
2 4 8 28282906
9 2 3 72690451
4 4 8 83176582
7 9 4 76631833
8 3 9 42546708
2 9 3 15610584
7 1 6 46364794
6 5 1 14620388
9 8 1 104414340
6 2 7 40321239
5 4 5 101021459
9 7 0 61692887
2 1 8 110105258
2 9 1 96610857
2 9 5 91771226
4 1 1 1171255
3 9 0 123211885
2 3 7 3673854
9 4 9 63456196
5 2 9 97992020
9 5 3 117615649
4 5 6 109189738
6 6 2 86301379
1 9 9 57722270
2 6 5 67751353
7 3 8 71251196
6 2 6 23400818
5 4 2 102255411
4 4 5 94659832
4 1 1 53489017
7 7 7 11783970
2 6 4 119066881
8 1 9 69436423
2 3 5 102074629
8 7 9 37422985
9 3 0 61623958
2 9 3 115517915
2 5 8 77206691
5 1 0 44278093
4 7 1 67161589
4 4 8 1998166
7 6 9 115916600
2 1 2 106051159
8 7 9 3761668
2 4 9 84033346
4 7 0 43142873
9 3 7 66367987
3 5 2 74385271
1 6 5 111638614
5 7 1 2799091
6 5 1 83564521
5 2 7 41652324
7 5 7 59881289
2 5 4 93395251
2 7 7 25035869
2 6 0 1204246
8 2 9 60824839
5 2 6 9289302
2 9 5 41562288
1 1 7 60411601
2 2 2 57980700
2 8 9 127897432
5 3 3 104940763
7 3 9 84369097
4 6 0 12874401
1 5 1 3272591
3 6 8 118671041
5 9 2 8629886
8 2 0 8089567
9 6 3 105035588
4 4 4 12053524
2 7 5 111048487
1 1 0 49127874
3 6 6 41847289
1 1 7 92403199
8 4 7 124899351
4 2 4 17553396
3 7 3 19284275
4 7 6 85764975
5 9 6 49269265
2 7 5 15315094
9 5 6 130861700
5 2 0 89616799
9 7 3 69478831
3 3 2 12683351
6 1 7 7603740
6 6 0 110659299
4 8 2 128753854
6 2 4 49777491
8 7 4 22190104
1 9 1 27491191
8 3 8 35993309
5 6 6 46500648
5 7 2 17518690
5 3 2 6998390
7 2 3 47342288
9 8 6 35569763
5 2 6 7164976
8 4 6 104578760
4 7 8 67059511
3 6 6 109010314
2 4 0 55642272
9 5 1 52391526
6 4 2 101957809
1 5 7 85657620
1 8 1 127049565
1 5 0 50003863
5 9 5 44638426
3 2 7 5164215
3 6 7 63478088
5 1 5 29161713
9 6 0 24575677
5 5 7 85795937
2 9 5 28190017
5 6 7 35975404
3 4 3 72915373
7 5 8 16340285
1 2 9 80155623
5 3 0 20310151
3 8 0 3386688
1 6 4 55650421
5 8 4 58540923
5 5 7 129987463
6 4 7 69524704
5 7 4 118362401
1 8 6 34881808
3 8 2 7189623
4 6 3 106113820
5 2 7 15518552
7 5 1 29256237
2 7 2 82788055
8 2 7 96859873
9 1 9 13664323
6 6 7 32057090
6 3 4 11873500
3 4 4 6719158
1 5 6 33559480
4 4 6 46933726
1 9 6 20931827
9 2 2 89082631
7 8 1 42569229
7 2 6 12303130
7 7 1 34561060
5 8 4 93289166
5 2 3 96745248
6 1 0 53240095
5 3 4 78319992
2 1 8 70472787
7 8 1 101196615
3 2 9 20644078
4 1 5 89504129
8 6 5 55272496
3 2 0 97657508
9 7 6 13383127
5 3 7 22780717
4 3 0 64308301
3 3 0 87207834
4 2 6 16545313
2 3 9 4666126
7 7 2 84558046
7 6 0 38783401
6 6 2 89371145
2 2 7 17241763
1 1 4 40826773
3 6 1 17118991
6 5 2 3374422
9 2 6 73342393
8 1 1 12941639
4 2 5 3712351
1 2 9 8980898
3 3 7 37602304
9 5 2 29187057
7 1 6 4384411
1 9 0 21448711
1 4 3 45461475
3 6 8 31987872
2 9 4 89386768
6 2 3 19753275
8 2 4 89451760
8 9 9 32376457
4 1 1 4800412
1 5 7 53932742
2 1 2 75563713
9 8 1 21985969
5 2 4 127781364
9 9 7 29728267
1 5 4 38331605
4 7 6 616781
8 5 9 37310977
3 7 4 32340950
5 3 2 61442155
4 4 0 78177647
8 1 9 56980468
1 2 3 1549462
4 9 6 19213084
7 8 7 52513147
7 4 4 58635001
1 2 7 37834996
2 1 6 12238769
4 6 2 70305397
9 6 6 21334189
6 8 9 65159836
3 9 6 84790703
7 8 7 111960206
5 7 5 63174029
5 4 1 50335260
3 3 8 7620143
4 5 0 122375260
2 6 1 23763389
5 7 0 64794991
2 4 3 48006773
1 1 2 5380098
7 3 8 117910105
9 4 7 40971040
2 2 0 54798459
3 3 0 119167150
2 5 5 60351127
6 6 5 27448777
7 5 1 120551551
6 4 8 35564011
4 7 3 107463030
9 8 4 42150657
9 7 7 128803591
7 3 0 54480007
1 5 1 52224271
6 9 3 21957607
6 3 5 10531000
3 1 4 69602311
9 7 4 63217005
9 6 0 60241922
8 2 1 89985688
1 9 2 25727606
9 1 7 116622118
1 6 5 110828222
8 4 5 59118847
6 9 9 18122897
3 1 5 33041001
2 6 5 103845908
7 8 1 89223484
5 3 3 8355621
4 9 8 604075
4 9 6 28595740
3 7 1 48293578
3 5 0 21889051
9 6 2 86201543
8 2 8 119118826
9 4 2 18978169
8 3 1 87071972
4 9 3 46180325
4 7 2 12019291
2 5 2 27116255
5 8 5 58001581
1 4 2 126730289
8 4 3 27174574
4 5 3 114341263
7 7 8 75040497
3 7 7 10261321
2 8 6 32979612
3 5 5 72428825
9 5 6 3409956
5 9 2 103658130
8 9 7 63008743
3 2 5 87421049
7 9 0 107897159
3 1 8 3557884
9 4 0 26132458
9 9 7 90263596
3 2 6 16181211
2 9 9 13823169
9 2 5 99345149
2 4 1 5021244
6 2 0 85631239
7 6 7 51303611
6 2 5 102507543
2 4 3 97659301
8 8 6 124952842
9 3 4 124107985
1 5 6 114578085
1 6 1 26478145
6 8 9 72822436
7 7 7 18363513
5 1 9 105521973
3 6 0 1286371
8 8 4 109102657
2 8 0 44690566
9 8 7 69077222
1 1 1 72499351
9 9 3 94739183
7 6 7 77080151
1 8 2 62983222
1 4 0 16646344
3 2 0 15560222
1 1 8 9970133
7 6 2 103132589
5 7 1 27966650
2 1 9 98430255
2 3 7 64373761
3 2 1 74156920
1 4 9 25915560
1 2 6 103743545
5 4 2 87350260
1 6 6 107390434
2 8 6 21131441
1 2 6 52376272
1 7 9 4434259
9 1 7 34656220
7 8 2 80063362
3 6 2 48410198
9 8 8 15587117
1 4 4 101340768
7 5 0 315082
9 1 9 2204314
3 6 3 109302540
1 1 8 73625761
3 7 3 110126182
1 6 7 83845672
9 2 7 108073769
7 9 7 127873795
5 4 4 7935843
5 9 0 20257189
5 2 2 65189404
2 7 4 38405967
3 3 5 106515946
5 5 7 46620655
9 5 2 48555268
1 5 5 38952893
8 6 0 23167790
8 7 7 48712672
7 3 0 128853463
3 3 9 34043749
8 2 0 30632991
9 6 5 2153678
4 6 2 24391990
9 2 0 44002924
2 3 7 48588100
1 3 3 11712130
1 4 3 100824227
5 7 3 18157433
2 1 8 117378846
3 1 7 10320157
9 8 2 68676868
1 8 0 20523751
2 7 8 18042634
9 6 5 107408316
1 6 8 72825053
1 5 0 45442419
9 9 0 68765419
3 7 4 23734566
6 1 0 75704890
9 4 3 32993096
5 5 5 87014913
6 5 7 12753133
8 9 4 11465596
4 6 0 2063850
6 7 2 82970801
2 2 6 84326789
1 4 0 30827045
6 2 5 539397
6 6 1 105831749
4 8 2 94041358
3 3 6 120359881
7 3 1 43518144
3 1 7 67866715
8 5 9 25826449
4 4 4 82181989
7 5 3 112482346
4 8 6 29558344
2 2 1 95385733
2 4 3 18176935
1 1 6 90934634
9 2 5 65124791
7 3 4 97767853
3 1 2 18207461
5 9 8 68517308
2 8 1 24782365
6 8 3 120029473
9 5 6 55907721
5 5 7 44491257
7 7 1 31055785
4 6 0 124023052
5 7 6 8589004
8 2 9 5694265
1 2 1 130766064
6 3 3 5377474
1 1 9 31232913
3 4 2 446971
2 8 6 52739518
4 1 5 65919582
1 7 4 69250897
3 6 7 11440294
6 1 3 54725359
8 5 5 94504150
9 3 5 85855753
7 8 6 95787553
3 5 5 31726064
8 5 0 78402115
6 6 3 79985669
8 1 1 23439173
6 2 8 67891105
1 3 1 119024569
7 5 2 121111796
4 9 4 16542473
8 2 0 95708090
6 1 5 13811962
2 5 4 11412114
3 5 3 104851771
6 1 6 127656251
2 1 1 3620573
8 7 4 127359879
2 4 7 5758944
1 2 9 22254958
5 6 2 29073193
1 3 5 117320500
1 9 4 113548663
6 5 1 33339929
8 5 2 3675871
9 4 0 73724129
9 1 5 18489795
7 9 2 3643126
1 3 4 25801943
7 9 8 84714598
9 4 9 76833700
1 4 3 22786064
1 2 7 74595598
1 5 3 107422789
8 7 1 38057711
7 1 3 72539499
2 2 1 65498335
4 4 5 23761122
9 5 1 101411201
9 9 7 76236634
5 8 0 124302775
5 1 2 106797851
9 6 9 64841095
8 2 7 63402541
2 1 9 8585041
6 3 0 7327201
5 8 5 23875538
4 2 7 129547595
7 5 7 19068906
9 5 4 119078578
8 2 3 20416258
1 7 5 20696634
1 9 3 30749824
5 1 2 46214569
4 5 4 4036608
7 7 8 113486201
2 3 7 95263351
4 4 7 76780580
6 8 2 33672192
9 9 8 16026961
6 6 8 41398111
6 3 2 7544184
6 5 3 59909524
1 9 0 13844376
1 4 4 15516229
7 3 4 41047512
1 3 2 71720451
8 9 5 75505384
3 3 5 129939748
2 8 3 64683094
5 3 3 11224315
3 2 2 70002317
6 8 5 11034343
8 6 5 81617518
5 2 9 44690913
5 6 5 40241306
8 6 1 114981274
2 4 6 29909972
2 8 4 21341515
4 1 6 128844469
2 8 5 21285894
1 2 8 72021383
1 1 3 75886225
7 1 6 23480823
6 2 5 114301447
2 7 3 104234593
5 6 1 12531274
4 1 8 62112209
1 6 5 41112541
4 3 4 48275929
1 5 9 10296302
5 3 1 3327301
2 7 4 35181640
7 3 6 89721402
5 7 8 31796359
3 7 3 95030840
6 3 9 47204896
6 2 0 68424226
7 8 9 40585177
5 4 8 49193697
8 2 1 100605573
5 5 9 115380161
8 2 9 96565024
6 1 0 20057611
2 1 2 47660385
4 9 1 62703187
4 3 4 58126337
2 4 5 106260151
8 8 7 61281014
9 6 0 55964273
2 9 3 86814298
2 1 8 93520745
8 5 7 19302242
5 4 0 8180467
5 3 1 70528134
5 3 5 17018785
7 1 0 8539441
7 9 2 52557396
3 4 8 556817
8 4 0 6844026
9 1 5 48298158
3 7 9 96562687
4 5 6 7845506
5 2 3 116502049
7 5 4 90055100
7 8 8 104761801
5 1 4 57455773
7 1 7 122365153
9 1 3 87676727
6 1 1 58199110
4 3 2 91721371
3 5 1 117570700
4 5 3 95872351
6 7 3 58258758
2 7 2 38946588
6 2 1 38425346
8 1 7 36180808
8 5 2 70121935
1 6 8 93747660
9 1 6 42538184
9 8 1 79704075
3 1 7 46100514
2 1 2 123861152
7 3 6 62453856
8 3 1 2290339
3 3 8 83410756
6 2 2 50932983
1 2 3 121156737
3 1 2 40889668
5 4 3 94618621
5 5 4 37822727
3 7 9 7951492
5 3 5 48851059
5 5 2 18500911
4 7 5 43473781
1 3 7 35055361
6 5 9 94730966
5 8 9 116753783
7 3 3 15338493
5 9 4 78534053
8 3 4 128261617
5 6 9 107827381
7 4 0 37358956
1 4 7 82507777
1 7 3 80486326
1 2 7 15293683
1 7 9 3297760
4 9 8 112082048
8 4 6 22223807
5 5 2 16618633
7 1 5 61191472
8 4 3 7319540
1 1 2 93063710
7 9 3 111823930
8 4 9 88149988
4 4 7 34227119
9 2 3 35011799
7 5 3 38976631
6 1 0 63570214
7 5 9 122102679
2 2 1 122713557
1 4 6 41115225
3 3 3 63775209
8 7 8 12102478
3 3 5 14496697
5 2 2 33882760
6 5 1 39985663
9 5 5 13156957
2 3 2 112793185
1 1 3 70455855
1 6 4 7477014
8 3 1 104485433
8 6 6 45827338
5 1 0 28632241
7 9 6 60012933
7 2 1 12077440
7 2 6 122241811
4 7 1 17076535
9 7 6 45164814
3 7 3 74747188
9 8 7 57466864
6 2 8 27633305
4 9 7 5124241
5 4 0 21741742
1 4 5 96636404
5 7 3 78736690
7 2 7 89914726
7 8 2 87679224
4 1 2 87206886
6 1 4 44149906
2 1 1 695599
3 8 5 41713624
6 5 5 69952685
8 7 7 82461650
6 3 3 41980985
2 4 6 18496945
4 3 7 92994409
6 9 5 53555497
8 8 2 68203850
8 2 2 16726062
7 6 3 32054041
2 9 9 71025339
2 7 3 125565945
8 9 3 97999360
2 4 4 76381273
3 5 6 115677667
8 7 8 99222660
6 4 4 86398042
6 2 5 4919369
1 5 2 41579293
5 8 3 15982088
9 6 1 71987681
6 6 8 59773906
3 4 4 74321305
6 2 4 10641761
6 8 2 28248753
9 8 1 40425313
1 6 0 122733496
5 8 2 6812073
7 8 1 110152489
2 6 3 107846621
6 5 9 21213980
9 8 4 20852103
6 1 2 19802883
6 7 3 107349580
4 1 3 62591935
7 7 4 4854449
9 3 0 66685189
9 8 7 8539336
5 2 6 13053847
7 3 6 99612955
1 3 9 108438828
3 8 7 29448417
8 8 0 24190947
8 9 6 45236131
3 6 1 60042017
8 8 0 105158904
9 2 4 45267411
9 8 4 77713495
9 9 9 29263041
1 2 3 69287236
9 3 0 20750998
1 3 5 129501976
5 8 2 11097569
1 3 7 1764411
7 7 7 81039104
8 5 0 32321501
2 6 7 10297558
2 7 2 63307705
9 6 7 85740769
3 4 9 59184147
4 5 5 115867063
3 6 7 67604359
6 1 7 96093938
5 4 4 9387521
5 3 3 43162829
9 4 2 123236741
4 5 4 32090001
5 7 0 20534177
6 8 9 60504781
1 8 9 10235977
3 8 5 16747053
4 9 0 46490071
7 7 7 7659799
5 5 5 104337570
8 2 3 2559421
6 9 2 119578879
5 1 2 104308359
1 6 4 33861901
3 7 0 109058620
4 7 4 129600421
5 4 1 91143715
5 4 2 93440849
3 9 6 455019
9 3 4 69502111
2 2 7 112314528
2 4 2 74648199
3 2 8 114440699
3 6 2 124845271
5 2 4 101052534
1 7 2 92614243
6 4 3 46551865
6 5 6 126320592
3 3 7 128055195
9 3 0 93310711
2 3 8 89477081
5 5 5 27887005
1 9 5 33987562
1 7 3 104806555
4 1 9 1971368
4 3 2 49685433
8 6 5 7212888
1 5 2 41746939
8 7 3 94406341
5 1 8 3424656
8 4 3 105679348
4 2 1 36595183
5 5 7 26990217
8 2 3 43109251
2 7 1 1955808
4 6 0 253990
7 7 8 184944
8 9 5 48739861
3 7 7 28878229
9 8 8 11024209
8 3 5 81620830
5 6 2 90444405
3 6 3 22427455
2 9 9 18169021
3 7 1 18005876
7 5 3 92814022
2 2 5 108271709
2 5 5 35690910
4 2 2 34410901
4 1 9 78685915
1 6 1 6984859
1 6 2 32686704
3 2 4 112422187
9 4 7 33297636
6 4 7 89133890
7 8 4 99737993
2 2 9 51099854
1 4 3 49847601
2 8 1 35548084
7 9 7 119410540
5 3 6 26850433
2 1 1 36790669
2 9 3 129891021
2 9 7 20997239
6 1 2 83936357
2 6 8 62976439
1 9 9 97434826
5 3 5 127093013
8 1 4 40096897
5 9 3 21530386
8 9 5 101783998
8 8 9 32260260
3 4 3 129475603
5 1 1 12073931
7 9 6 111475972
5 4 9 23455799
1 7 6 39554014
6 9 3 116491559
9 9 1 16943333
4 4 9 184636
1 7 1 122829184
9 1 1 99278610
7 1 9 82374328
4 4 0 46247973
6 3 5 99693983
